evaluations raw_y
1 -215.0000000000
3 -213.0000000000
13 -205.0000000000
14 -200.0000000000
26 -195.0000000000
70 -193.0000000000
102 -192.0000000000
105 -188.0000000000
113 -187.0000000000
115 -185.0000000000
142 -176.0000000000
167 -173.0000000000
183 -172.0000000000
189 -167.0000000000
221 -165.0000000000
254 -161.0000000000
284 -159.0000000000
300 -155.0000000000
303 -152.0000000000
341 -149.0000000000
372 -148.0000000000
383 -140.0000000000
434 -139.0000000000
443 -132.0000000000
506 -131.0000000000
532 -130.0000000000
544 -129.0000000000
547 -128.0000000000
582 -127.0000000000
607 -124.0000000000
624 -123.0000000000
666 -121.0000000000
672 -119.0000000000
705 -118.0000000000
742 -117.0000000000
770 -116.0000000000
782 -114.0000000000
790 -113.0000000000
806 -112.0000000000
813 -111.0000000000
836 -109.0000000000
865 -108.0000000000
868 -106.0000000000
909 -105.0000000000
913 -104.0000000000
941 -102.0000000000
959 -101.0000000000
991 -100.0000000000
999 -99.0000000000
1028 -97.0000000000
1092 -94.0000000000
1125 -90.0000000000
1159 -89.0000000000
1200 -88.0000000000
1268 -87.0000000000
1278 -85.0000000000
1331 -84.0000000000
1350 -83.0000000000
1387 -82.0000000000
1447 -81.0000000000
1462 -80.0000000000
1501 -79.0000000000
1569 -77.0000000000
1617 -76.0000000000
1659 -75.0000000000
1666 -74.0000000000
1712 -72.0000000000
1746 -71.0000000000
1789 -70.0000000000
1826 -69.0000000000
1874 -68.0000000000
1882 -67.0000000000
1909 -66.0000000000
1943 -65.0000000000
1981 -64.0000000000
2009 -63.0000000000
2021 -61.0000000000
2108 -60.0000000000
2115 -59.0000000000
2125 -58.0000000000
2143 -57.0000000000
2181 -55.0000000000
2247 -54.0000000000
2263 -53.0000000000
2325 -52.0000000000
2348 -51.0000000000
2390 -50.0000000000
2482 -49.0000000000
2486 -48.0000000000
2506 -45.0000000000
2591 -44.0000000000
2607 -43.0000000000
2642 -42.0000000000
2653 -41.0000000000
2689 -40.0000000000
2718 -39.0000000000
2751 -37.0000000000
2784 -35.0000000000
2834 -33.0000000000
2857 -32.0000000000
2861 -31.0000000000
2913 -30.0000000000
2957 -29.0000000000
2994 -28.0000000000
3040 -27.0000000000
3067 -26.0000000000
3101 -25.0000000000
3148 -24.0000000000
3189 -23.0000000000
3226 -22.0000000000
3281 -21.0000000000
3345 -19.0000000000
3472 -18.0000000000
3515 -17.0000000000
3604 -16.0000000000
3663 -15.0000000000
3669 -14.0000000000
3718 -13.0000000000
3741 -12.0000000000
3865 -11.0000000000
3956 -10.0000000000
4016 -9.0000000000
4108 -8.0000000000
4128 -7.0000000000
4199 -6.0000000000
4297 -5.0000000000
4433 -4.0000000000
4506 -3.0000000000
4592 -2.0000000000
4725 -1.0000000000
4772 371.0000000000
4816 378.0000000000
4988 379.0000000000
5025 382.0000000000
5027 386.0000000000
5057 388.0000000000
5199 390.0000000000
5221 398.0000000000
5462 400.0000000000
5510 411.0000000000
5994 412.0000000000
6092 416.0000000000
6289 418.0000000000
8159 420.0000000000
8433 423.0000000000
8758 425.0000000000
8897 428.0000000000
9000 430.0000000000
9452 432.0000000000
13827 433.0000000000
16115 436.0000000000
20095 437.0000000000
35655 438.0000000000
99980 -1.0000000000
evaluations raw_y
1 -226.0000000000
2 -196.0000000000
18 -193.0000000000
37 -176.0000000000
70 -175.0000000000
85 -171.0000000000
105 -169.0000000000
123 -168.0000000000
136 -163.0000000000
147 -161.0000000000
155 -156.0000000000
186 -153.0000000000
218 -152.0000000000
229 -150.0000000000
262 -149.0000000000
276 -147.0000000000
305 -143.0000000000
313 -142.0000000000
347 -140.0000000000
356 -138.0000000000
384 -136.0000000000
423 -129.0000000000
499 -128.0000000000
529 -126.0000000000
543 -122.0000000000
610 -121.0000000000
622 -120.0000000000
647 -119.0000000000
663 -116.0000000000
685 -115.0000000000
706 -114.0000000000
735 -111.0000000000
764 -110.0000000000
803 -109.0000000000
823 -108.0000000000
858 -107.0000000000
911 -106.0000000000
925 -104.0000000000
982 -103.0000000000
991 -102.0000000000
1034 -99.0000000000
1067 -98.0000000000
1102 -97.0000000000
1144 -96.0000000000
1149 -95.0000000000
1151 -93.0000000000
1190 -91.0000000000
1280 -88.0000000000
1313 -87.0000000000
1334 -86.0000000000
1380 -85.0000000000
1390 -84.0000000000
1444 -83.0000000000
1485 -82.0000000000
1508 -81.0000000000
1511 -80.0000000000
1547 -79.0000000000
1587 -78.0000000000
1608 -77.0000000000
1632 -76.0000000000
1670 -75.0000000000
1684 -74.0000000000
1723 -72.0000000000
1747 -71.0000000000
1753 -69.0000000000
1786 -68.0000000000
1833 -66.0000000000
1873 -65.0000000000
1876 -63.0000000000
1941 -62.0000000000
1980 -61.0000000000
1981 -60.0000000000
2019 -59.0000000000
2030 -58.0000000000
2067 -57.0000000000
2112 -56.0000000000
2120 -54.0000000000
2152 -53.0000000000
2155 -52.0000000000
2234 -51.0000000000
2256 -50.0000000000
2270 -49.0000000000
2286 -48.0000000000
2302 -47.0000000000
2386 -46.0000000000
2425 -45.0000000000
2457 -43.0000000000
2507 -41.0000000000
2590 -40.0000000000
2634 -39.0000000000
2637 -38.0000000000
2678 -37.0000000000
2702 -36.0000000000
2781 -34.0000000000
2867 -33.0000000000
2905 -32.0000000000
2913 -31.0000000000
2968 -30.0000000000
3025 -29.0000000000
3070 -28.0000000000
3142 -27.0000000000
3192 -26.0000000000
3213 -25.0000000000
3332 -24.0000000000
3404 -22.0000000000
3435 -21.0000000000
3509 -20.0000000000
3595 -19.0000000000
3680 -18.0000000000
3741 -16.0000000000
3881 -15.0000000000
3960 -14.0000000000
4039 -13.0000000000
4064 -11.0000000000
4254 -10.0000000000
4351 -8.0000000000
4440 -7.0000000000
4506 -6.0000000000
4554 -5.0000000000
4588 -4.0000000000
4850 -3.0000000000
4878 -2.0000000000
4928 -1.0000000000
5004 410.0000000000
6351 412.0000000000
6449 420.0000000000
6615 422.0000000000
7274 424.0000000000
10483 431.0000000000
12848 433.0000000000
99980 -2.0000000000
evaluations raw_y
1 -217.0000000000
2 -191.0000000000
30 -187.0000000000
32 -179.0000000000
70 -178.0000000000
83 -168.0000000000
141 -162.0000000000
190 -161.0000000000
195 -160.0000000000
208 -159.0000000000
221 -158.0000000000
227 -156.0000000000
229 -154.0000000000
232 -153.0000000000
242 -148.0000000000
289 -147.0000000000
303 -146.0000000000
308 -142.0000000000
312 -140.0000000000
351 -139.0000000000
353 -138.0000000000
383 -136.0000000000
398 -134.0000000000
408 -131.0000000000
443 -129.0000000000
463 -128.0000000000
494 -127.0000000000
501 -126.0000000000
507 -124.0000000000
511 -122.0000000000
547 -121.0000000000
589 -120.0000000000
607 -118.0000000000
627 -117.0000000000
647 -115.0000000000
666 -114.0000000000
675 -113.0000000000
719 -108.0000000000
731 -106.0000000000
746 -104.0000000000
787 -103.0000000000
792 -102.0000000000
830 -101.0000000000
863 -100.0000000000
878 -98.0000000000
911 -97.0000000000
939 -96.0000000000
945 -94.0000000000
1041 -93.0000000000
1073 -92.0000000000
1104 -90.0000000000
1147 -88.0000000000
1229 -86.0000000000
1261 -83.0000000000
1375 -81.0000000000
1382 -80.0000000000
1426 -79.0000000000
1436 -78.0000000000
1470 -77.0000000000
1480 -76.0000000000
1515 -75.0000000000
1534 -74.0000000000
1546 -73.0000000000
1551 -72.0000000000
1602 -71.0000000000
1626 -68.0000000000
1696 -67.0000000000
1702 -66.0000000000
1745 -65.0000000000
1753 -63.0000000000
1797 -62.0000000000
1821 -61.0000000000
1863 -60.0000000000
1876 -59.0000000000
1881 -58.0000000000
1909 -57.0000000000
1948 -55.0000000000
1991 -54.0000000000
2074 -52.0000000000
2103 -51.0000000000
2144 -50.0000000000
2178 -48.0000000000
2224 -47.0000000000
2262 -46.0000000000
2302 -45.0000000000
2353 -44.0000000000
2387 -43.0000000000
2432 -41.0000000000
2467 -40.0000000000
2475 -37.0000000000
2578 -36.0000000000
2592 -35.0000000000
2670 -34.0000000000
2706 -33.0000000000
2750 -32.0000000000
2828 -30.0000000000
2902 -29.0000000000
2952 -28.0000000000
2989 -27.0000000000
3022 -26.0000000000
3068 -25.0000000000
3112 -24.0000000000
3183 -23.0000000000
3186 -22.0000000000
3231 -21.0000000000
3262 -19.0000000000
3346 -18.0000000000
3406 -17.0000000000
3439 -16.0000000000
3549 -15.0000000000
3629 -14.0000000000
3655 -13.0000000000
3749 -12.0000000000
3800 -11.0000000000
3842 -10.0000000000
3885 -9.0000000000
3977 -8.0000000000
4063 -7.0000000000
4137 -6.0000000000
4186 -5.0000000000
4243 -4.0000000000
4353 -3.0000000000
4421 -2.0000000000
4541 -1.0000000000
4608 390.0000000000
4658 398.0000000000
4846 405.0000000000
5239 409.0000000000
5342 412.0000000000
5532 413.0000000000
5661 415.0000000000
5820 416.0000000000
7082 418.0000000000
7138 419.0000000000
8193 420.0000000000
8571 423.0000000000
11517 424.0000000000
13146 425.0000000000
13491 426.0000000000
22547 428.0000000000
32484 429.0000000000
64226 431.0000000000
81630 432.0000000000
90868 434.0000000000
99980 -2.0000000000
evaluations raw_y
1 -210.0000000000
2 -209.0000000000
4 -207.0000000000
9 -195.0000000000
62 -190.0000000000
64 -188.0000000000
88 -185.0000000000
106 -179.0000000000
126 -175.0000000000
144 -174.0000000000
150 -172.0000000000
176 -171.0000000000
181 -168.0000000000
196 -164.0000000000
199 -163.0000000000
225 -161.0000000000
238 -159.0000000000
240 -158.0000000000
241 -152.0000000000
268 -150.0000000000
310 -144.0000000000
344 -143.0000000000
349 -141.0000000000
382 -137.0000000000
399 -133.0000000000
435 -127.0000000000
468 -126.0000000000
492 -125.0000000000
503 -123.0000000000
516 -122.0000000000
521 -115.0000000000
581 -114.0000000000
605 -112.0000000000
636 -111.0000000000
674 -108.0000000000
685 -107.0000000000
699 -106.0000000000
708 -105.0000000000
749 -102.0000000000
781 -101.0000000000
828 -100.0000000000
831 -99.0000000000
866 -97.0000000000
908 -95.0000000000
943 -94.0000000000
961 -92.0000000000
1001 -91.0000000000
1011 -88.0000000000
1061 -87.0000000000
1110 -86.0000000000
1126 -85.0000000000
1165 -84.0000000000
1185 -81.0000000000
1249 -79.0000000000
1315 -77.0000000000
1361 -76.0000000000
1386 -75.0000000000
1422 -74.0000000000
1437 -72.0000000000
1468 -70.0000000000
1503 -69.0000000000
1507 -67.0000000000
1553 -66.0000000000
1589 -65.0000000000
1665 -62.0000000000
1736 -61.0000000000
1779 -60.0000000000
1786 -59.0000000000
1839 -58.0000000000
1867 -56.0000000000
1933 -55.0000000000
1942 -53.0000000000
1991 -52.0000000000
2022 -51.0000000000
2089 -50.0000000000
2113 -49.0000000000
2153 -46.0000000000
2196 -45.0000000000
2221 -44.0000000000
2268 -43.0000000000
2296 -41.0000000000
2308 -40.0000000000
2337 -39.0000000000
2355 -38.0000000000
2426 -37.0000000000
2427 -36.0000000000
2512 -35.0000000000
2528 -34.0000000000
2586 -33.0000000000
2640 -32.0000000000
2702 -30.0000000000
2822 -29.0000000000
2897 -28.0000000000
2933 -27.0000000000
2936 -25.0000000000
3028 -24.0000000000
3078 -22.0000000000
3135 -21.0000000000
3194 -20.0000000000
3229 -18.0000000000
3343 -17.0000000000
3403 -16.0000000000
3478 -15.0000000000
3539 -14.0000000000
3572 -13.0000000000
3618 -12.0000000000
3668 -11.0000000000
3725 -10.0000000000
3772 -8.0000000000
3892 -7.0000000000
3957 -6.0000000000
3990 -5.0000000000
4031 -4.0000000000
4192 -3.0000000000
4296 -2.0000000000
4598 402.0000000000
4762 407.0000000000
4823 409.0000000000
4922 412.0000000000
6728 414.0000000000
6996 416.0000000000
7218 417.0000000000
7427 418.0000000000
7546 419.0000000000
7621 420.0000000000
7626 421.0000000000
7785 424.0000000000
8026 426.0000000000
8232 431.0000000000
13102 434.0000000000
13277 437.0000000000
53837 439.0000000000
99980 -1.0000000000
evaluations raw_y
1 -209.0000000000
5 -202.0000000000
10 -201.0000000000
13 -194.0000000000
40 -191.0000000000
62 -190.0000000000
68 -176.0000000000
105 -171.0000000000
141 -167.0000000000
147 -165.0000000000
158 -163.0000000000
220 -149.0000000000
221 -148.0000000000
269 -143.0000000000
302 -135.0000000000
369 -134.0000000000
387 -132.0000000000
424 -124.0000000000
461 -123.0000000000
465 -117.0000000000
529 -114.0000000000
549 -113.0000000000
583 -112.0000000000
593 -111.0000000000
609 -110.0000000000
632 -109.0000000000
663 -108.0000000000
674 -107.0000000000
706 -104.0000000000
762 -102.0000000000
786 -100.0000000000
857 -98.0000000000
871 -97.0000000000
919 -96.0000000000
928 -94.0000000000
941 -92.0000000000
973 -91.0000000000
1021 -90.0000000000
1056 -89.0000000000
1061 -88.0000000000
1110 -87.0000000000
1112 -86.0000000000
1144 -85.0000000000
1148 -84.0000000000
1182 -83.0000000000
1225 -80.0000000000
1266 -78.0000000000
1305 -77.0000000000
1318 -76.0000000000
1344 -75.0000000000
1382 -74.0000000000
1389 -73.0000000000
1392 -72.0000000000
1436 -71.0000000000
1470 -68.0000000000
1537 -67.0000000000
1562 -66.0000000000
1588 -64.0000000000
1627 -62.0000000000
1711 -61.0000000000
1747 -60.0000000000
1791 -59.0000000000
1836 -58.0000000000
1874 -57.0000000000
1912 -56.0000000000
1920 -55.0000000000
1940 -53.0000000000
2007 -52.0000000000
2024 -49.0000000000
2081 -48.0000000000
2156 -47.0000000000
2218 -46.0000000000
2235 -45.0000000000
2262 -44.0000000000
2268 -43.0000000000
2314 -41.0000000000
2348 -40.0000000000
2418 -38.0000000000
2422 -36.0000000000
2497 -35.0000000000
2521 -34.0000000000
2551 -33.0000000000
2588 -31.0000000000
2672 -30.0000000000
2746 -29.0000000000
2816 -28.0000000000
2864 -26.0000000000
2926 -25.0000000000
2944 -24.0000000000
3010 -23.0000000000
3056 -22.0000000000
3061 -21.0000000000
3103 -20.0000000000
3165 -19.0000000000
3218 -18.0000000000
3230 -16.0000000000
3290 -15.0000000000
3361 -14.0000000000
3390 -13.0000000000
3413 -12.0000000000
3453 -11.0000000000
3503 -10.0000000000
3558 -9.0000000000
3633 -8.0000000000
3697 -7.0000000000
3757 -6.0000000000
3770 -5.0000000000
3892 -3.0000000000
3951 -2.0000000000
3995 -1.0000000000
4075 404.0000000000
4096 406.0000000000
4114 407.0000000000
4195 410.0000000000
4395 412.0000000000
4683 414.0000000000
4707 415.0000000000
4890 417.0000000000
5034 418.0000000000
5242 419.0000000000
5289 420.0000000000
5598 421.0000000000
11398 423.0000000000
11671 424.0000000000
12660 427.0000000000
26216 429.0000000000
31903 433.0000000000
47283 434.0000000000
49889 435.0000000000
92958 438.0000000000
99980 -1.0000000000
evaluations raw_y
1 -220.0000000000
2 -217.0000000000
3 -212.0000000000
5 -204.0000000000
7 -199.0000000000
13 -195.0000000000
32 -185.0000000000
66 -183.0000000000
80 -181.0000000000
96 -180.0000000000
105 -178.0000000000
108 -177.0000000000
129 -176.0000000000
131 -173.0000000000
148 -167.0000000000
176 -164.0000000000
219 -157.0000000000
245 -155.0000000000
262 -150.0000000000
305 -149.0000000000
341 -148.0000000000
351 -145.0000000000
381 -141.0000000000
417 -139.0000000000
434 -138.0000000000
462 -137.0000000000
472 -136.0000000000
510 -133.0000000000
511 -132.0000000000
530 -131.0000000000
541 -129.0000000000
588 -128.0000000000
602 -124.0000000000
634 -123.0000000000
641 -122.0000000000
668 -121.0000000000
706 -120.0000000000
707 -119.0000000000
719 -117.0000000000
755 -115.0000000000
790 -114.0000000000
812 -109.0000000000
894 -108.0000000000
902 -107.0000000000
910 -106.0000000000
950 -105.0000000000
967 -104.0000000000
984 -103.0000000000
1031 -102.0000000000
1033 -101.0000000000
1062 -99.0000000000
1104 -98.0000000000
1112 -95.0000000000
1145 -94.0000000000
1186 -92.0000000000
1232 -90.0000000000
1269 -89.0000000000
1272 -88.0000000000
1302 -85.0000000000
1411 -84.0000000000
1416 -83.0000000000
1438 -82.0000000000
1463 -80.0000000000
1503 -79.0000000000
1519 -77.0000000000
1592 -75.0000000000
1653 -74.0000000000
1663 -73.0000000000
1700 -72.0000000000
1753 -71.0000000000
1756 -69.0000000000
1843 -68.0000000000
1877 -67.0000000000
1891 -66.0000000000
1912 -65.0000000000
1965 -64.0000000000
2007 -63.0000000000
2029 -62.0000000000
2058 -61.0000000000
2064 -60.0000000000
2133 -59.0000000000
2198 -58.0000000000
2222 -57.0000000000
2236 -56.0000000000
2296 -54.0000000000
2373 -53.0000000000
2413 -52.0000000000
2451 -51.0000000000
2517 -49.0000000000
2591 -47.0000000000
2609 -46.0000000000
2655 -45.0000000000
2672 -44.0000000000
2700 -42.0000000000
2743 -41.0000000000
2788 -39.0000000000
2864 -36.0000000000
2913 -35.0000000000
2962 -34.0000000000
3022 -33.0000000000
3061 -32.0000000000
3116 -31.0000000000
3152 -30.0000000000
3189 -29.0000000000
3237 -28.0000000000
3244 -27.0000000000
3306 -26.0000000000
3361 -25.0000000000
3382 -24.0000000000
3410 -23.0000000000
3425 -22.0000000000
3476 -21.0000000000
3505 -20.0000000000
3590 -19.0000000000
3671 -18.0000000000
3704 -17.0000000000
3722 -16.0000000000
3725 -15.0000000000
3799 -14.0000000000
3840 -13.0000000000
3902 -12.0000000000
3912 -11.0000000000
3956 -10.0000000000
3959 -9.0000000000
4007 -8.0000000000
4128 -7.0000000000
4187 -6.0000000000
4221 -5.0000000000
4287 -4.0000000000
4523 -3.0000000000
4600 -2.0000000000
4626 -1.0000000000
4752 375.0000000000
4876 383.0000000000
4940 384.0000000000
4995 386.0000000000
5008 387.0000000000
5012 392.0000000000
5189 394.0000000000
5222 409.0000000000
5369 411.0000000000
5424 412.0000000000
5522 415.0000000000
5787 417.0000000000
5834 418.0000000000
7836 420.0000000000
7859 422.0000000000
7870 424.0000000000
18376 426.0000000000
19974 428.0000000000
22244 429.0000000000
99559 430.0000000000
99980 -1.0000000000
evaluations raw_y
1 -204.0000000000
6 -202.0000000000
9 -200.0000000000
13 -190.0000000000
60 -187.0000000000
61 -178.0000000000
101 -175.0000000000
107 -165.0000000000
142 -154.0000000000
202 -151.0000000000
215 -150.0000000000
231 -149.0000000000
244 -147.0000000000
256 -142.0000000000
273 -134.0000000000
310 -133.0000000000
326 -128.0000000000
346 -127.0000000000
392 -126.0000000000
401 -121.0000000000
427 -119.0000000000
454 -117.0000000000
466 -116.0000000000
468 -114.0000000000
505 -113.0000000000
507 -111.0000000000
544 -108.0000000000
589 -107.0000000000
599 -106.0000000000
609 -101.0000000000
619 -100.0000000000
647 -99.0000000000
663 -96.0000000000
714 -94.0000000000
747 -93.0000000000
755 -92.0000000000
787 -91.0000000000
796 -90.0000000000
807 -88.0000000000
814 -87.0000000000
854 -83.0000000000
885 -82.0000000000
925 -81.0000000000
942 -78.0000000000
987 -77.0000000000
1010 -76.0000000000
1064 -75.0000000000
1079 -73.0000000000
1100 -70.0000000000
1141 -69.0000000000
1198 -68.0000000000
1219 -67.0000000000
1261 -65.0000000000
1301 -64.0000000000
1343 -63.0000000000
1345 -62.0000000000
1406 -61.0000000000
1425 -59.0000000000
1502 -57.0000000000
1550 -55.0000000000
1594 -53.0000000000
1627 -52.0000000000
1664 -51.0000000000
1685 -50.0000000000
1751 -49.0000000000
1771 -48.0000000000
1792 -47.0000000000
1841 -46.0000000000
1890 -45.0000000000
1925 -43.0000000000
2003 -42.0000000000
2035 -41.0000000000
2084 -40.0000000000
2131 -37.0000000000
2201 -36.0000000000
2224 -33.0000000000
2305 -32.0000000000
2359 -31.0000000000
2448 -30.0000000000
2528 -29.0000000000
2548 -28.0000000000
2596 -27.0000000000
2666 -26.0000000000
2701 -25.0000000000
2745 -23.0000000000
2824 -22.0000000000
2861 -21.0000000000
2902 -20.0000000000
2923 -19.0000000000
2999 -17.0000000000
3029 -16.0000000000
3165 -15.0000000000
3209 -14.0000000000
3226 -13.0000000000
3264 -12.0000000000
3345 -11.0000000000
3365 -10.0000000000
3399 -9.0000000000
3429 -7.0000000000
3507 -6.0000000000
3563 -5.0000000000
3647 -4.0000000000
3680 -3.0000000000
3816 -2.0000000000
3844 -1.0000000000
3908 386.0000000000
3920 390.0000000000
3998 394.0000000000
4058 399.0000000000
4205 408.0000000000
4311 415.0000000000
4466 416.0000000000
4632 422.0000000000
11256 424.0000000000
14176 425.0000000000
14294 427.0000000000
14303 430.0000000000
38169 433.0000000000
48087 434.0000000000
99980 434.0000000000
evaluations raw_y
1 -233.0000000000
2 -218.0000000000
3 -213.0000000000
5 -209.0000000000
8 -200.0000000000
25 -192.0000000000
50 -188.0000000000
92 -181.0000000000
103 -179.0000000000
117 -178.0000000000
127 -176.0000000000
144 -174.0000000000
160 -171.0000000000
168 -170.0000000000
196 -167.0000000000
216 -166.0000000000
221 -162.0000000000
232 -156.0000000000
247 -152.0000000000
294 -151.0000000000
304 -150.0000000000
306 -149.0000000000
314 -144.0000000000
334 -143.0000000000
353 -142.0000000000
357 -139.0000000000
364 -137.0000000000
380 -131.0000000000
442 -130.0000000000
468 -121.0000000000
541 -120.0000000000
549 -119.0000000000
568 -117.0000000000
590 -116.0000000000
607 -115.0000000000
611 -114.0000000000
623 -112.0000000000
662 -109.0000000000
707 -108.0000000000
724 -107.0000000000
727 -105.0000000000
770 -102.0000000000
790 -101.0000000000
821 -99.0000000000
867 -98.0000000000
891 -96.0000000000
906 -95.0000000000
927 -93.0000000000
949 -91.0000000000
1007 -90.0000000000
1025 -89.0000000000
1069 -88.0000000000
1081 -85.0000000000
1109 -83.0000000000
1156 -81.0000000000
1233 -80.0000000000
1266 -79.0000000000
1276 -78.0000000000
1301 -77.0000000000
1304 -76.0000000000
1358 -75.0000000000
1370 -74.0000000000
1397 -73.0000000000
1443 -72.0000000000
1467 -70.0000000000
1505 -68.0000000000
1587 -66.0000000000
1630 -65.0000000000
1666 -63.0000000000
1742 -60.0000000000
1772 -58.0000000000
1850 -57.0000000000
1869 -56.0000000000
1918 -55.0000000000
1937 -54.0000000000
1946 -53.0000000000
1974 -52.0000000000
1997 -50.0000000000
2037 -49.0000000000
2070 -48.0000000000
2090 -47.0000000000
2127 -45.0000000000
2174 -44.0000000000
2196 -43.0000000000
2210 -42.0000000000
2263 -39.0000000000
2400 -37.0000000000
2464 -36.0000000000
2526 -35.0000000000
2600 -34.0000000000
2644 -33.0000000000
2671 -32.0000000000
2692 -31.0000000000
2743 -30.0000000000
2753 -29.0000000000
2821 -27.0000000000
2879 -25.0000000000
2981 -24.0000000000
3015 -23.0000000000
3048 -22.0000000000
3069 -20.0000000000
3152 -19.0000000000
3199 -18.0000000000
3226 -17.0000000000
3337 -16.0000000000
3380 -15.0000000000
3462 -13.0000000000
3584 -12.0000000000
3691 -11.0000000000
3709 -10.0000000000
3816 -9.0000000000
3905 -8.0000000000
3933 -7.0000000000
3996 -6.0000000000
4051 -4.0000000000
4156 -3.0000000000
4298 -2.0000000000
4381 -1.0000000000
4510 383.0000000000
4608 394.0000000000
5656 405.0000000000
5830 406.0000000000
5940 410.0000000000
6003 411.0000000000
6309 415.0000000000
6995 417.0000000000
7102 426.0000000000
7234 428.0000000000
7423 429.0000000000
7510 430.0000000000
14227 432.0000000000
18653 433.0000000000
33559 434.0000000000
51749 435.0000000000
99980 -1.0000000000
evaluations raw_y
1 -216.0000000000
5 -205.0000000000
7 -199.0000000000
19 -192.0000000000
34 -190.0000000000
62 -188.0000000000
63 -184.0000000000
67 -183.0000000000
93 -179.0000000000
105 -178.0000000000
117 -169.0000000000
156 -166.0000000000
160 -165.0000000000
175 -164.0000000000
182 -162.0000000000
204 -154.0000000000
233 -151.0000000000
270 -148.0000000000
273 -145.0000000000
307 -144.0000000000
317 -141.0000000000
360 -138.0000000000
389 -136.0000000000
394 -135.0000000000
426 -134.0000000000
433 -132.0000000000
467 -131.0000000000
478 -128.0000000000
517 -127.0000000000
527 -122.0000000000
587 -121.0000000000
629 -118.0000000000
677 -117.0000000000
728 -116.0000000000
730 -113.0000000000
758 -112.0000000000
787 -111.0000000000
827 -110.0000000000
855 -109.0000000000
863 -106.0000000000
949 -105.0000000000
981 -104.0000000000
1019 -103.0000000000
1031 -102.0000000000
1061 -101.0000000000
1064 -100.0000000000
1135 -98.0000000000
1164 -97.0000000000
1184 -96.0000000000
1231 -95.0000000000
1247 -94.0000000000
1263 -93.0000000000
1326 -91.0000000000
1346 -90.0000000000
1381 -89.0000000000
1383 -88.0000000000
1392 -86.0000000000
1424 -85.0000000000
1444 -84.0000000000
1470 -83.0000000000
1489 -81.0000000000
1550 -79.0000000000
1602 -78.0000000000
1612 -76.0000000000
1623 -75.0000000000
1665 -73.0000000000
1708 -72.0000000000
1782 -71.0000000000
1788 -70.0000000000
1852 -69.0000000000
1871 -68.0000000000
1880 -65.0000000000
1914 -62.0000000000
1995 -60.0000000000
2022 -59.0000000000
2051 -58.0000000000
2070 -57.0000000000
2106 -56.0000000000
2130 -55.0000000000
2146 -54.0000000000
2155 -53.0000000000
2237 -51.0000000000
2265 -50.0000000000
2306 -49.0000000000
2351 -48.0000000000
2366 -47.0000000000
2417 -46.0000000000
2442 -45.0000000000
2499 -44.0000000000
2525 -43.0000000000
2547 -42.0000000000
2560 -41.0000000000
2610 -40.0000000000
2684 -39.0000000000
2754 -38.0000000000
2792 -37.0000000000
2819 -36.0000000000
2849 -34.0000000000
2900 -32.0000000000
2993 -30.0000000000
3059 -29.0000000000
3143 -28.0000000000
3197 -27.0000000000
3252 -26.0000000000
3258 -25.0000000000
3350 -24.0000000000
3357 -23.0000000000
3395 -22.0000000000
3430 -20.0000000000
3540 -19.0000000000
3605 -18.0000000000
3636 -17.0000000000
3672 -16.0000000000
3752 -15.0000000000
3796 -14.0000000000
3823 -13.0000000000
3829 -12.0000000000
3887 -11.0000000000
3971 -10.0000000000
3984 -9.0000000000
4106 -8.0000000000
4175 -7.0000000000
4237 -6.0000000000
4372 -5.0000000000
4468 -4.0000000000
4531 -3.0000000000
4556 -2.0000000000
4623 -1.0000000000
4758 386.0000000000
5025 391.0000000000
5083 395.0000000000
5574 406.0000000000
5728 408.0000000000
6013 413.0000000000
6058 416.0000000000
6777 420.0000000000
9347 422.0000000000
12189 423.0000000000
13824 426.0000000000
14335 427.0000000000
14456 428.0000000000
33247 430.0000000000
99980 430.0000000000
evaluations raw_y
1 -220.0000000000
3 -211.0000000000
7 -209.0000000000
11 -205.0000000000
18 -199.0000000000
49 -188.0000000000
90 -186.0000000000
96 -181.0000000000
131 -179.0000000000
134 -173.0000000000
180 -172.0000000000
187 -168.0000000000
206 -161.0000000000
222 -159.0000000000
228 -158.0000000000
236 -155.0000000000
261 -149.0000000000
307 -148.0000000000
312 -142.0000000000
345 -141.0000000000
391 -137.0000000000
413 -136.0000000000
421 -135.0000000000
445 -132.0000000000
459 -131.0000000000
474 -130.0000000000
485 -129.0000000000
500 -125.0000000000
529 -123.0000000000
580 -120.0000000000
626 -119.0000000000
638 -118.0000000000
663 -112.0000000000
724 -111.0000000000
748 -110.0000000000
781 -109.0000000000
822 -107.0000000000
829 -106.0000000000
863 -103.0000000000
918 -102.0000000000
922 -101.0000000000
941 -100.0000000000
984 -99.0000000000
985 -97.0000000000
1023 -96.0000000000
1063 -93.0000000000
1101 -92.0000000000
1127 -91.0000000000
1145 -88.0000000000
1187 -85.0000000000
1253 -83.0000000000
1264 -81.0000000000
1316 -80.0000000000
1321 -79.0000000000
1343 -75.0000000000
1486 -74.0000000000
1504 -73.0000000000
1505 -71.0000000000
1542 -68.0000000000
1626 -66.0000000000
1661 -65.0000000000
1668 -64.0000000000
1718 -61.0000000000
1814 -60.0000000000
1816 -59.0000000000
1826 -55.0000000000
1904 -54.0000000000
1926 -53.0000000000
1947 -52.0000000000
1996 -51.0000000000
2030 -50.0000000000
2052 -48.0000000000
2110 -47.0000000000
2146 -46.0000000000
2219 -45.0000000000
2226 -43.0000000000
2340 -42.0000000000
2344 -41.0000000000
2358 -40.0000000000
2403 -39.0000000000
2445 -38.0000000000
2476 -36.0000000000
2596 -35.0000000000
2721 -33.0000000000
2824 -32.0000000000
2871 -31.0000000000
2906 -29.0000000000
2957 -26.0000000000
3045 -25.0000000000
3085 -24.0000000000
3131 -23.0000000000
3149 -22.0000000000
3266 -21.0000000000
3314 -20.0000000000
3369 -19.0000000000
3386 -18.0000000000
3454 -17.0000000000
3465 -16.0000000000
3592 -14.0000000000
3687 -13.0000000000
3736 -12.0000000000
3839 -11.0000000000
3994 -10.0000000000
4032 -9.0000000000
4082 -8.0000000000
4188 -7.0000000000
4339 -6.0000000000
4373 -5.0000000000
4458 -4.0000000000
4515 -3.0000000000
4599 -2.0000000000
4670 -1.0000000000
4735 384.0000000000
4767 387.0000000000
4807 401.0000000000
4875 402.0000000000
5827 409.0000000000
5933 411.0000000000
5942 415.0000000000
6984 417.0000000000
7148 419.0000000000
7179 420.0000000000
7317 421.0000000000
13615 429.0000000000
22425 430.0000000000
23979 432.0000000000
24153 434.0000000000
39374 435.0000000000
51718 436.0000000000
99980 -2.0000000000
evaluations raw_y
1 -250.0000000000
2 -235.0000000000
4 -223.0000000000
5 -221.0000000000
6 -196.0000000000
34 -193.0000000000
48 -190.0000000000
61 -179.0000000000
101 -177.0000000000
106 -175.0000000000
116 -174.0000000000
120 -172.0000000000
121 -164.0000000000
158 -163.0000000000
186 -159.0000000000
207 -158.0000000000
222 -157.0000000000
226 -156.0000000000
253 -152.0000000000
284 -150.0000000000
311 -149.0000000000
320 -148.0000000000
338 -147.0000000000
352 -145.0000000000
381 -143.0000000000
398 -142.0000000000
425 -140.0000000000
461 -138.0000000000
464 -135.0000000000
514 -134.0000000000
534 -133.0000000000
543 -131.0000000000
558 -128.0000000000
620 -127.0000000000
622 -125.0000000000
693 -124.0000000000
712 -123.0000000000
728 -120.0000000000
748 -119.0000000000
771 -118.0000000000
784 -117.0000000000
798 -115.0000000000
864 -114.0000000000
905 -113.0000000000
911 -112.0000000000
943 -108.0000000000
984 -104.0000000000
1074 -102.0000000000
1081 -101.0000000000
1120 -100.0000000000
1143 -99.0000000000
1164 -97.0000000000
1204 -96.0000000000
1223 -95.0000000000
1232 -94.0000000000
1269 -93.0000000000
1292 -90.0000000000
1356 -89.0000000000
1415 -86.0000000000
1431 -85.0000000000
1492 -84.0000000000
1517 -83.0000000000
1562 -81.0000000000
1588 -80.0000000000
1592 -79.0000000000
1626 -78.0000000000
1631 -77.0000000000
1661 -75.0000000000
1717 -74.0000000000
1768 -72.0000000000
1814 -70.0000000000
1861 -68.0000000000
1914 -67.0000000000
1943 -65.0000000000
1973 -64.0000000000
1993 -62.0000000000
2023 -61.0000000000
2030 -60.0000000000
2094 -58.0000000000
2165 -57.0000000000
2216 -56.0000000000
2225 -54.0000000000
2276 -53.0000000000
2306 -52.0000000000
2344 -51.0000000000
2345 -50.0000000000
2381 -49.0000000000
2428 -48.0000000000
2442 -47.0000000000
2478 -46.0000000000
2502 -45.0000000000
2518 -44.0000000000
2543 -43.0000000000
2595 -41.0000000000
2624 -40.0000000000
2638 -39.0000000000
2680 -37.0000000000
2774 -36.0000000000
2842 -35.0000000000
2922 -34.0000000000
2944 -33.0000000000
3005 -32.0000000000
3072 -31.0000000000
3113 -30.0000000000
3122 -29.0000000000
3153 -28.0000000000
3188 -27.0000000000
3194 -26.0000000000
3224 -25.0000000000
3311 -24.0000000000
3407 -23.0000000000
3432 -22.0000000000
3543 -20.0000000000
3634 -18.0000000000
3774 -17.0000000000
3843 -16.0000000000
3868 -15.0000000000
3934 -13.0000000000
4064 -11.0000000000
4146 -10.0000000000
4213 -9.0000000000
4250 -8.0000000000
4267 -7.0000000000
4343 -6.0000000000
4458 -5.0000000000
4472 -4.0000000000
4564 -3.0000000000
4601 -2.0000000000
4822 -1.0000000000
5045 393.0000000000
5124 403.0000000000
5509 410.0000000000
5959 412.0000000000
7092 416.0000000000
7141 417.0000000000
7197 421.0000000000
7336 424.0000000000
7351 427.0000000000
9007 429.0000000000
9752 430.0000000000
11256 431.0000000000
16671 432.0000000000
17570 434.0000000000
62771 435.0000000000
88009 438.0000000000
99980 -1.0000000000
evaluations raw_y
1 -228.0000000000
2 -212.0000000000
3 -188.0000000000
25 -186.0000000000
37 -183.0000000000
68 -181.0000000000
92 -178.0000000000
101 -175.0000000000
104 -168.0000000000
147 -167.0000000000
164 -162.0000000000
182 -160.0000000000
185 -158.0000000000
221 -153.0000000000
264 -150.0000000000
266 -148.0000000000
332 -147.0000000000
341 -146.0000000000
344 -145.0000000000
366 -143.0000000000
374 -141.0000000000
386 -140.0000000000
423 -139.0000000000
455 -136.0000000000
462 -134.0000000000
517 -133.0000000000
522 -129.0000000000
590 -127.0000000000
616 -125.0000000000
635 -124.0000000000
651 -123.0000000000
664 -122.0000000000
701 -119.0000000000
742 -117.0000000000
782 -116.0000000000
783 -115.0000000000
806 -114.0000000000
848 -113.0000000000
875 -112.0000000000
899 -111.0000000000
920 -109.0000000000
962 -108.0000000000
1007 -107.0000000000
1009 -106.0000000000
1038 -105.0000000000
1046 -103.0000000000
1076 -102.0000000000
1144 -101.0000000000
1165 -99.0000000000
1188 -98.0000000000
1194 -97.0000000000
1260 -95.0000000000
1284 -94.0000000000
1307 -93.0000000000
1343 -92.0000000000
1390 -91.0000000000
1395 -90.0000000000
1418 -89.0000000000
1436 -87.0000000000
1468 -86.0000000000
1525 -85.0000000000
1566 -84.0000000000
1588 -83.0000000000
1603 -82.0000000000
1636 -80.0000000000
1698 -78.0000000000
1756 -77.0000000000
1778 -74.0000000000
1862 -73.0000000000
1866 -72.0000000000
1908 -69.0000000000
1988 -68.0000000000
2031 -66.0000000000
2074 -65.0000000000
2093 -64.0000000000
2125 -62.0000000000
2175 -59.0000000000
2189 -58.0000000000
2246 -57.0000000000
2252 -55.0000000000
2263 -54.0000000000
2304 -53.0000000000
2317 -52.0000000000
2354 -50.0000000000
2395 -49.0000000000
2422 -48.0000000000
2482 -47.0000000000
2484 -45.0000000000
2551 -44.0000000000
2610 -43.0000000000
2628 -42.0000000000
2688 -41.0000000000
2707 -40.0000000000
2717 -38.0000000000
2751 -36.0000000000
2815 -35.0000000000
2888 -34.0000000000
2918 -33.0000000000
2922 -31.0000000000
3007 -30.0000000000
3069 -29.0000000000
3152 -28.0000000000
3190 -27.0000000000
3204 -26.0000000000
3261 -25.0000000000
3326 -24.0000000000
3351 -23.0000000000
3381 -22.0000000000
3404 -21.0000000000
3431 -20.0000000000
3503 -19.0000000000
3543 -18.0000000000
3558 -17.0000000000
3619 -16.0000000000
3703 -15.0000000000
3755 -13.0000000000
3907 -12.0000000000
3996 -11.0000000000
4040 -9.0000000000
4099 -8.0000000000
4177 -7.0000000000
4247 -6.0000000000
4311 -5.0000000000
4345 -4.0000000000
4428 -3.0000000000
4581 -2.0000000000
4724 -1.0000000000
4877 380.0000000000
4900 386.0000000000
4990 390.0000000000
5067 392.0000000000
5221 396.0000000000
5293 401.0000000000
5426 402.0000000000
5575 405.0000000000
5598 410.0000000000
7012 412.0000000000
7164 414.0000000000
8350 416.0000000000
11860 419.0000000000
15029 422.0000000000
16111 423.0000000000
18719 424.0000000000
20035 425.0000000000
20184 426.0000000000
22122 428.0000000000
31664 429.0000000000
32665 433.0000000000
59940 434.0000000000
99980 -1.0000000000
evaluations raw_y
1 -229.0000000000
2 -217.0000000000
3 -208.0000000000
15 -207.0000000000
21 -206.0000000000
24 -202.0000000000
38 -200.0000000000
50 -197.0000000000
67 -192.0000000000
73 -179.0000000000
120 -176.0000000000
136 -175.0000000000
145 -168.0000000000
151 -167.0000000000
187 -164.0000000000
213 -157.0000000000
264 -148.0000000000
303 -147.0000000000
311 -146.0000000000
343 -145.0000000000
348 -142.0000000000
383 -140.0000000000
404 -139.0000000000
406 -137.0000000000
429 -136.0000000000
436 -135.0000000000
437 -134.0000000000
461 -131.0000000000
467 -130.0000000000
502 -129.0000000000
537 -126.0000000000
566 -124.0000000000
594 -122.0000000000
639 -120.0000000000
682 -118.0000000000
690 -117.0000000000
745 -116.0000000000
753 -114.0000000000
763 -113.0000000000
805 -112.0000000000
823 -111.0000000000
862 -110.0000000000
891 -109.0000000000
910 -106.0000000000
950 -104.0000000000
1001 -102.0000000000
1023 -100.0000000000
1064 -99.0000000000
1066 -98.0000000000
1098 -96.0000000000
1141 -94.0000000000
1183 -93.0000000000
1192 -92.0000000000
1197 -91.0000000000
1251 -89.0000000000
1276 -88.0000000000
1310 -86.0000000000
1327 -85.0000000000
1371 -84.0000000000
1406 -83.0000000000
1433 -82.0000000000
1481 -81.0000000000
1505 -80.0000000000
1534 -79.0000000000
1562 -75.0000000000
1649 -74.0000000000
1651 -73.0000000000
1700 -72.0000000000
1741 -69.0000000000
1784 -68.0000000000
1822 -67.0000000000
1868 -64.0000000000
1913 -63.0000000000
1996 -61.0000000000
2046 -58.0000000000
2066 -56.0000000000
2123 -54.0000000000
2184 -53.0000000000
2201 -52.0000000000
2221 -51.0000000000
2259 -50.0000000000
2270 -47.0000000000
2349 -46.0000000000
2388 -45.0000000000
2422 -43.0000000000
2428 -42.0000000000
2498 -39.0000000000
2556 -38.0000000000
2595 -37.0000000000
2622 -36.0000000000
2741 -35.0000000000
2776 -34.0000000000
2849 -32.0000000000
2953 -31.0000000000
3002 -30.0000000000
3067 -29.0000000000
3116 -28.0000000000
3142 -27.0000000000
3181 -26.0000000000
3195 -25.0000000000
3230 -24.0000000000
3284 -23.0000000000
3309 -22.0000000000
3346 -21.0000000000
3362 -20.0000000000
3422 -19.0000000000
3432 -18.0000000000
3493 -17.0000000000
3527 -16.0000000000
3628 -15.0000000000
3673 -13.0000000000
3802 -12.0000000000
3829 -11.0000000000
3902 -10.0000000000
3984 -9.0000000000
4025 -8.0000000000
4076 -7.0000000000
4125 -6.0000000000
4183 -5.0000000000
4276 -4.0000000000
4308 -3.0000000000
4387 -2.0000000000
4509 -1.0000000000
4625 384.0000000000
4628 387.0000000000
4676 391.0000000000
4688 392.0000000000
4766 394.0000000000
4801 400.0000000000
4847 402.0000000000
4931 403.0000000000
4997 404.0000000000
5056 405.0000000000
5227 411.0000000000
6146 414.0000000000
6443 415.0000000000
7065 418.0000000000
13654 420.0000000000
18146 421.0000000000
18560 422.0000000000
19191 424.0000000000
20279 427.0000000000
20705 428.0000000000
20736 432.0000000000
20809 433.0000000000
40261 434.0000000000
44926 436.0000000000
48724 437.0000000000
99980 437.0000000000
evaluations raw_y
1 -217.0000000000
3 -203.0000000000
8 -200.0000000000
21 -188.0000000000
75 -186.0000000000
92 -181.0000000000
121 -179.0000000000
129 -176.0000000000
144 -164.0000000000
168 -162.0000000000
205 -153.0000000000
299 -151.0000000000
303 -146.0000000000
356 -145.0000000000
371 -143.0000000000
390 -139.0000000000
438 -137.0000000000
480 -134.0000000000
520 -131.0000000000
546 -130.0000000000
560 -127.0000000000
625 -126.0000000000
635 -125.0000000000
644 -124.0000000000
661 -123.0000000000
666 -121.0000000000
703 -120.0000000000
724 -119.0000000000
754 -117.0000000000
786 -116.0000000000
801 -114.0000000000
862 -113.0000000000
881 -112.0000000000
906 -111.0000000000
908 -110.0000000000
942 -109.0000000000
982 -107.0000000000
1027 -106.0000000000
1061 -105.0000000000
1066 -103.0000000000
1108 -102.0000000000
1155 -100.0000000000
1225 -97.0000000000
1304 -95.0000000000
1324 -94.0000000000
1358 -93.0000000000
1365 -92.0000000000
1390 -91.0000000000
1428 -88.0000000000
1483 -87.0000000000
1507 -86.0000000000
1555 -83.0000000000
1590 -82.0000000000
1630 -81.0000000000
1661 -80.0000000000
1663 -79.0000000000
1710 -77.0000000000
1754 -76.0000000000
1767 -75.0000000000
1781 -74.0000000000
1790 -72.0000000000
1823 -71.0000000000
1880 -70.0000000000
1904 -69.0000000000
1917 -68.0000000000
1980 -67.0000000000
2004 -64.0000000000
2027 -63.0000000000
2073 -62.0000000000
2109 -61.0000000000
2146 -59.0000000000
2202 -58.0000000000
2206 -57.0000000000
2237 -56.0000000000
2271 -55.0000000000
2306 -53.0000000000
2353 -52.0000000000
2384 -51.0000000000
2421 -50.0000000000
2425 -49.0000000000
2464 -47.0000000000
2521 -46.0000000000
2552 -45.0000000000
2613 -44.0000000000
2645 -43.0000000000
2661 -40.0000000000
2749 -37.0000000000
2863 -36.0000000000
2907 -35.0000000000
2942 -34.0000000000
2944 -32.0000000000
3060 -31.0000000000
3067 -30.0000000000
3127 -29.0000000000
3188 -28.0000000000
3238 -27.0000000000
3285 -26.0000000000
3317 -25.0000000000
3348 -24.0000000000
3358 -23.0000000000
3437 -22.0000000000
3506 -21.0000000000
3549 -20.0000000000
3629 -19.0000000000
3640 -18.0000000000
3678 -17.0000000000
3751 -16.0000000000
3839 -15.0000000000
3914 -14.0000000000
3944 -13.0000000000
3981 -12.0000000000
4018 -11.0000000000
4050 -10.0000000000
4102 -8.0000000000
4160 -7.0000000000
4258 -6.0000000000
4307 -5.0000000000
4334 -4.0000000000
4382 -3.0000000000
4470 -2.0000000000
4534 -1.0000000000
4623 395.0000000000
4667 403.0000000000
4756 411.0000000000
5636 412.0000000000
5681 419.0000000000
6989 420.0000000000
8731 421.0000000000
9118 423.0000000000
9200 426.0000000000
10873 428.0000000000
32229 429.0000000000
42580 430.0000000000
76042 434.0000000000
78359 435.0000000000
99980 -2.0000000000
evaluations raw_y
1 -207.0000000000
3 -194.0000000000
43 -188.0000000000
62 -177.0000000000
64 -173.0000000000
106 -170.0000000000
141 -164.0000000000
182 -160.0000000000
197 -155.0000000000
221 -154.0000000000
262 -152.0000000000
268 -149.0000000000
277 -148.0000000000
302 -137.0000000000
341 -132.0000000000
343 -130.0000000000
383 -128.0000000000
418 -127.0000000000
444 -126.0000000000
462 -123.0000000000
503 -119.0000000000
531 -117.0000000000
553 -116.0000000000
564 -114.0000000000
589 -113.0000000000
599 -111.0000000000
627 -107.0000000000
674 -104.0000000000
711 -102.0000000000
785 -101.0000000000
793 -100.0000000000
799 -98.0000000000
847 -97.0000000000
859 -96.0000000000
885 -95.0000000000
914 -94.0000000000
941 -92.0000000000
1002 -90.0000000000
1027 -87.0000000000
1120 -86.0000000000
1141 -83.0000000000
1181 -82.0000000000
1211 -81.0000000000
1235 -80.0000000000
1246 -78.0000000000
1269 -76.0000000000
1320 -74.0000000000
1341 -73.0000000000
1387 -72.0000000000
1446 -71.0000000000
1449 -69.0000000000
1465 -68.0000000000
1511 -67.0000000000
1530 -66.0000000000
1552 -64.0000000000
1587 -63.0000000000
1625 -60.0000000000
1677 -58.0000000000
1706 -57.0000000000
1742 -54.0000000000
1782 -53.0000000000
1843 -51.0000000000
1862 -50.0000000000
1912 -49.0000000000
1960 -48.0000000000
1993 -47.0000000000
2038 -46.0000000000
2072 -44.0000000000
2143 -43.0000000000
2158 -42.0000000000
2190 -41.0000000000
2230 -40.0000000000
2292 -38.0000000000
2305 -37.0000000000
2344 -35.0000000000
2457 -34.0000000000
2468 -33.0000000000
2523 -32.0000000000
2605 -30.0000000000
2696 -29.0000000000
2698 -28.0000000000
2766 -27.0000000000
2810 -26.0000000000
2857 -25.0000000000
2908 -24.0000000000
2943 -23.0000000000
3025 -22.0000000000
3101 -21.0000000000
3153 -20.0000000000
3163 -19.0000000000
3231 -18.0000000000
3268 -17.0000000000
3390 -16.0000000000
3472 -15.0000000000
3506 -14.0000000000
3666 -13.0000000000
3763 -12.0000000000
3787 -11.0000000000
3898 -10.0000000000
3960 -9.0000000000
4161 -8.0000000000
4207 -6.0000000000
4328 -5.0000000000
4371 -4.0000000000
4422 -3.0000000000
4580 -2.0000000000
4848 -1.0000000000
5040 349.0000000000
5159 355.0000000000
5186 363.0000000000
5229 369.0000000000
5250 382.0000000000
5296 383.0000000000
5308 388.0000000000
5395 390.0000000000
6311 392.0000000000
6388 396.0000000000
6541 400.0000000000
7249 407.0000000000
8162 408.0000000000
8936 410.0000000000
10679 412.0000000000
11998 416.0000000000
12273 417.0000000000
12288 427.0000000000
14913 428.0000000000
15498 430.0000000000
15650 431.0000000000
33073 432.0000000000
51970 433.0000000000
62895 434.0000000000
74461 438.0000000000
85379 439.0000000000
87254 440.0000000000
99980 -4.0000000000
evaluations raw_y
1 -207.0000000000
4 -205.0000000000
6 -198.0000000000
12 -196.0000000000
30 -195.0000000000
61 -192.0000000000
69 -191.0000000000
72 -184.0000000000
104 -182.0000000000
129 -178.0000000000
134 -175.0000000000
141 -173.0000000000
168 -172.0000000000
191 -171.0000000000
193 -166.0000000000
205 -161.0000000000
223 -160.0000000000
235 -158.0000000000
249 -156.0000000000
263 -153.0000000000
270 -148.0000000000
312 -147.0000000000
320 -141.0000000000
348 -139.0000000000
355 -137.0000000000
385 -132.0000000000
423 -130.0000000000
462 -128.0000000000
487 -123.0000000000
517 -120.0000000000
526 -117.0000000000
607 -113.0000000000
656 -111.0000000000
681 -110.0000000000
748 -109.0000000000
786 -107.0000000000
838 -106.0000000000
875 -101.0000000000
942 -100.0000000000
958 -99.0000000000
982 -97.0000000000
1043 -95.0000000000
1066 -94.0000000000
1068 -91.0000000000
1141 -90.0000000000
1143 -89.0000000000
1186 -88.0000000000
1193 -87.0000000000
1197 -85.0000000000
1246 -84.0000000000
1273 -83.0000000000
1319 -82.0000000000
1347 -81.0000000000
1378 -80.0000000000
1381 -79.0000000000
1426 -78.0000000000
1435 -77.0000000000
1464 -76.0000000000
1541 -75.0000000000
1561 -73.0000000000
1626 -71.0000000000
1718 -70.0000000000
1732 -69.0000000000
1747 -67.0000000000
1826 -66.0000000000
1832 -65.0000000000
1859 -64.0000000000
1877 -63.0000000000
1897 -62.0000000000
1932 -60.0000000000
1955 -59.0000000000
2026 -58.0000000000
2032 -57.0000000000
2066 -56.0000000000
2109 -55.0000000000
2141 -53.0000000000
2195 -52.0000000000
2227 -50.0000000000
2262 -49.0000000000
2318 -48.0000000000
2360 -45.0000000000
2429 -44.0000000000
2555 -43.0000000000
2612 -42.0000000000
2624 -41.0000000000
2652 -40.0000000000
2720 -39.0000000000
2736 -38.0000000000
2787 -37.0000000000
2822 -36.0000000000
2837 -34.0000000000
2881 -33.0000000000
2910 -32.0000000000
2919 -31.0000000000
2975 -30.0000000000
3076 -28.0000000000
3138 -27.0000000000
3147 -26.0000000000
3236 -25.0000000000
3269 -24.0000000000
3331 -23.0000000000
3345 -22.0000000000
3391 -21.0000000000
3514 -20.0000000000
3573 -19.0000000000
3611 -18.0000000000
3656 -17.0000000000
3706 -16.0000000000
3767 -15.0000000000
3819 -14.0000000000
3894 -13.0000000000
3971 -12.0000000000
4047 -11.0000000000
4087 -10.0000000000
4155 -9.0000000000
4159 -8.0000000000
4232 -7.0000000000
4342 -6.0000000000
4369 -5.0000000000
4474 -3.0000000000
4612 -2.0000000000
4718 -1.0000000000
4786 396.0000000000
4800 406.0000000000
4847 408.0000000000
4857 409.0000000000
4904 414.0000000000
4961 415.0000000000
5190 419.0000000000
5354 421.0000000000
8821 422.0000000000
9037 423.0000000000
11753 424.0000000000
11902 428.0000000000
21665 429.0000000000
31847 430.0000000000
99980 -1.0000000000
evaluations raw_y
1 -236.0000000000
2 -221.0000000000
3 -203.0000000000
13 -199.0000000000
30 -193.0000000000
66 -190.0000000000
72 -189.0000000000
93 -179.0000000000
112 -178.0000000000
139 -175.0000000000
154 -174.0000000000
189 -169.0000000000
225 -165.0000000000
265 -162.0000000000
276 -160.0000000000
296 -158.0000000000
301 -153.0000000000
343 -148.0000000000
348 -146.0000000000
352 -144.0000000000
384 -143.0000000000
416 -141.0000000000
451 -138.0000000000
461 -135.0000000000
509 -131.0000000000
550 -130.0000000000
562 -127.0000000000
592 -126.0000000000
632 -125.0000000000
634 -124.0000000000
663 -120.0000000000
701 -119.0000000000
728 -118.0000000000
781 -117.0000000000
790 -116.0000000000
821 -114.0000000000
839 -113.0000000000
866 -112.0000000000
885 -111.0000000000
917 -110.0000000000
940 -109.0000000000
956 -108.0000000000
966 -105.0000000000
986 -104.0000000000
995 -103.0000000000
1039 -101.0000000000
1079 -100.0000000000
1084 -99.0000000000
1131 -98.0000000000
1133 -97.0000000000
1168 -96.0000000000
1203 -94.0000000000
1224 -92.0000000000
1225 -91.0000000000
1316 -90.0000000000
1339 -87.0000000000
1391 -84.0000000000
1398 -83.0000000000
1426 -82.0000000000
1464 -81.0000000000
1482 -80.0000000000
1570 -79.0000000000
1575 -77.0000000000
1587 -75.0000000000
1631 -74.0000000000
1646 -73.0000000000
1681 -72.0000000000
1708 -70.0000000000
1761 -68.0000000000
1790 -67.0000000000
1825 -65.0000000000
1829 -64.0000000000
1871 -63.0000000000
1902 -62.0000000000
1916 -61.0000000000
1919 -60.0000000000
1946 -59.0000000000
2008 -57.0000000000
2021 -56.0000000000
2064 -55.0000000000
2068 -54.0000000000
2084 -52.0000000000
2140 -51.0000000000
2144 -50.0000000000
2212 -49.0000000000
2241 -48.0000000000
2259 -47.0000000000
2303 -45.0000000000
2352 -44.0000000000
2370 -43.0000000000
2414 -42.0000000000
2435 -41.0000000000
2441 -40.0000000000
2537 -39.0000000000
2552 -38.0000000000
2557 -37.0000000000
2632 -34.0000000000
2744 -32.0000000000
2763 -31.0000000000
2823 -30.0000000000
2855 -29.0000000000
2874 -28.0000000000
2902 -27.0000000000
2941 -26.0000000000
2964 -25.0000000000
2992 -24.0000000000
3032 -23.0000000000
3060 -22.0000000000
3154 -21.0000000000
3182 -20.0000000000
3221 -19.0000000000
3264 -17.0000000000
3388 -16.0000000000
3448 -15.0000000000
3494 -14.0000000000
3546 -13.0000000000
3584 -12.0000000000
3649 -9.0000000000
3741 -8.0000000000
3822 -7.0000000000
3916 -5.0000000000
3994 -4.0000000000
4074 -3.0000000000
4193 -2.0000000000
4262 -1.0000000000
4352 373.0000000000
4355 377.0000000000
4444 379.0000000000
4449 386.0000000000
4479 389.0000000000
4513 393.0000000000
4543 394.0000000000
4557 396.0000000000
4592 400.0000000000
4737 408.0000000000
4840 409.0000000000
4908 416.0000000000
6906 420.0000000000
7571 425.0000000000
8054 426.0000000000
8235 430.0000000000
11525 432.0000000000
11687 433.0000000000
20057 435.0000000000
20107 436.0000000000
31598 437.0000000000
47683 438.0000000000
88625 440.0000000000
99980 -3.0000000000
evaluations raw_y
1 -209.0000000000
7 -185.0000000000
38 -183.0000000000
61 -173.0000000000
128 -172.0000000000
138 -170.0000000000
141 -167.0000000000
143 -165.0000000000
188 -161.0000000000
217 -160.0000000000
236 -154.0000000000
242 -151.0000000000
266 -148.0000000000
271 -146.0000000000
315 -145.0000000000
317 -143.0000000000
339 -135.0000000000
346 -133.0000000000
382 -127.0000000000
421 -126.0000000000
430 -125.0000000000
438 -119.0000000000
471 -117.0000000000
514 -115.0000000000
524 -113.0000000000
552 -112.0000000000
573 -110.0000000000
603 -109.0000000000
611 -108.0000000000
645 -104.0000000000
664 -103.0000000000
702 -102.0000000000
706 -100.0000000000
761 -98.0000000000
788 -96.0000000000
826 -95.0000000000
831 -94.0000000000
871 -93.0000000000
893 -92.0000000000
910 -91.0000000000
946 -90.0000000000
949 -87.0000000000
1007 -85.0000000000
1066 -84.0000000000
1092 -83.0000000000
1117 -80.0000000000
1185 -79.0000000000
1190 -78.0000000000
1223 -76.0000000000
1285 -75.0000000000
1289 -74.0000000000
1311 -73.0000000000
1345 -72.0000000000
1371 -70.0000000000
1391 -69.0000000000
1443 -68.0000000000
1450 -67.0000000000
1478 -66.0000000000
1500 -65.0000000000
1513 -64.0000000000
1544 -62.0000000000
1589 -61.0000000000
1635 -60.0000000000
1706 -59.0000000000
1719 -57.0000000000
1813 -56.0000000000
1855 -55.0000000000
1907 -53.0000000000
1917 -52.0000000000
1954 -51.0000000000
1998 -50.0000000000
2030 -48.0000000000
2040 -47.0000000000
2063 -46.0000000000
2090 -45.0000000000
2152 -44.0000000000
2161 -43.0000000000
2195 -42.0000000000
2252 -41.0000000000
2266 -40.0000000000
2302 -39.0000000000
2350 -38.0000000000
2386 -37.0000000000
2432 -36.0000000000
2487 -35.0000000000
2501 -34.0000000000
2523 -32.0000000000
2589 -31.0000000000
2638 -30.0000000000
2730 -28.0000000000
2784 -26.0000000000
2914 -25.0000000000
2940 -24.0000000000
2983 -22.0000000000
3105 -21.0000000000
3172 -20.0000000000
3216 -19.0000000000
3300 -18.0000000000
3307 -17.0000000000
3393 -16.0000000000
3486 -15.0000000000
3506 -14.0000000000
3527 -13.0000000000
3605 -12.0000000000
3636 -11.0000000000
3687 -10.0000000000
3747 -9.0000000000
3759 -8.0000000000
3818 -6.0000000000
3885 -5.0000000000
3993 -4.0000000000
4118 -3.0000000000
4152 -2.0000000000
4184 -1.0000000000
4232 379.0000000000
4277 391.0000000000
4390 393.0000000000
4453 395.0000000000
4540 398.0000000000
4659 400.0000000000
4729 407.0000000000
5363 409.0000000000
5392 411.0000000000
5449 412.0000000000
5612 415.0000000000
5665 418.0000000000
5757 419.0000000000
5872 420.0000000000
5993 421.0000000000
6180 425.0000000000
9904 427.0000000000
14433 428.0000000000
15336 431.0000000000
24258 433.0000000000
31050 435.0000000000
71982 436.0000000000
99980 -1.0000000000
evaluations raw_y
1 -206.0000000000
7 -198.0000000000
20 -197.0000000000
21 -187.0000000000
65 -184.0000000000
76 -180.0000000000
89 -178.0000000000
103 -177.0000000000
147 -174.0000000000
156 -172.0000000000
159 -170.0000000000
182 -169.0000000000
212 -161.0000000000
222 -158.0000000000
229 -156.0000000000
241 -153.0000000000
276 -152.0000000000
284 -149.0000000000
297 -141.0000000000
350 -138.0000000000
384 -137.0000000000
386 -133.0000000000
421 -130.0000000000
461 -127.0000000000
539 -126.0000000000
545 -123.0000000000
584 -122.0000000000
596 -121.0000000000
597 -118.0000000000
627 -117.0000000000
629 -114.0000000000
664 -113.0000000000
724 -112.0000000000
725 -111.0000000000
767 -109.0000000000
821 -107.0000000000
844 -106.0000000000
912 -105.0000000000
946 -104.0000000000
965 -103.0000000000
1002 -102.0000000000
1022 -101.0000000000
1052 -100.0000000000
1058 -99.0000000000
1065 -98.0000000000
1095 -97.0000000000
1101 -96.0000000000
1113 -95.0000000000
1152 -94.0000000000
1181 -93.0000000000
1197 -91.0000000000
1222 -89.0000000000
1266 -85.0000000000
1344 -84.0000000000
1373 -82.0000000000
1384 -80.0000000000
1464 -79.0000000000
1495 -78.0000000000
1506 -77.0000000000
1507 -76.0000000000
1542 -75.0000000000
1568 -73.0000000000
1635 -71.0000000000
1675 -70.0000000000
1726 -68.0000000000
1747 -66.0000000000
1759 -65.0000000000
1828 -64.0000000000
1839 -63.0000000000
1892 -61.0000000000
1909 -60.0000000000
1922 -59.0000000000
1998 -57.0000000000
2033 -55.0000000000
2073 -54.0000000000
2167 -52.0000000000
2219 -51.0000000000
2225 -50.0000000000
2261 -48.0000000000
2356 -47.0000000000
2383 -45.0000000000
2420 -44.0000000000
2489 -43.0000000000
2518 -41.0000000000
2550 -40.0000000000
2600 -39.0000000000
2622 -38.0000000000
2706 -36.0000000000
2810 -35.0000000000
2843 -34.0000000000
2861 -33.0000000000
2867 -32.0000000000
2937 -31.0000000000
2989 -30.0000000000
3000 -29.0000000000
3036 -28.0000000000
3043 -27.0000000000
3118 -26.0000000000
3133 -25.0000000000
3194 -24.0000000000
3223 -23.0000000000
3281 -22.0000000000
3302 -21.0000000000
3346 -19.0000000000
3407 -18.0000000000
3466 -17.0000000000
3533 -16.0000000000
3582 -15.0000000000
3626 -14.0000000000
3720 -13.0000000000
3783 -12.0000000000
3825 -11.0000000000
3939 -10.0000000000
3956 -9.0000000000
4068 -8.0000000000
4243 -7.0000000000
4354 -6.0000000000
4387 -5.0000000000
4454 -4.0000000000
4516 -3.0000000000
4689 -2.0000000000
4791 -1.0000000000
4832 400.0000000000
4935 402.0000000000
4968 407.0000000000
6166 409.0000000000
6189 411.0000000000
6564 415.0000000000
7011 416.0000000000
7132 422.0000000000
7146 425.0000000000
9603 427.0000000000
15390 429.0000000000
21970 432.0000000000
26425 434.0000000000
27656 436.0000000000
66165 437.0000000000
66764 438.0000000000
99980 -1.0000000000
evaluations raw_y
1 -213.0000000000
3 -200.0000000000
14 -189.0000000000
27 -175.0000000000
79 -173.0000000000
102 -172.0000000000
133 -171.0000000000
142 -167.0000000000
172 -165.0000000000
183 -164.0000000000
189 -163.0000000000
210 -159.0000000000
223 -157.0000000000
227 -156.0000000000
242 -155.0000000000
258 -154.0000000000
276 -147.0000000000
338 -143.0000000000
397 -140.0000000000
414 -139.0000000000
451 -137.0000000000
461 -135.0000000000
465 -134.0000000000
481 -133.0000000000
506 -132.0000000000
527 -131.0000000000
537 -130.0000000000
545 -129.0000000000
576 -126.0000000000
614 -125.0000000000
632 -123.0000000000
670 -121.0000000000
717 -120.0000000000
755 -119.0000000000
781 -118.0000000000
786 -117.0000000000
824 -115.0000000000
861 -113.0000000000
905 -111.0000000000
946 -110.0000000000
955 -109.0000000000
980 -108.0000000000
1012 -106.0000000000
1030 -104.0000000000
1102 -102.0000000000
1104 -101.0000000000
1145 -100.0000000000
1193 -99.0000000000
1229 -97.0000000000
1263 -96.0000000000
1289 -95.0000000000
1332 -93.0000000000
1338 -92.0000000000
1350 -91.0000000000
1383 -89.0000000000
1417 -88.0000000000
1440 -87.0000000000
1457 -86.0000000000
1466 -85.0000000000
1485 -83.0000000000
1525 -79.0000000000
1562 -78.0000000000
1586 -77.0000000000
1634 -76.0000000000
1640 -75.0000000000
1650 -74.0000000000
1712 -73.0000000000
1727 -72.0000000000
1757 -70.0000000000
1810 -69.0000000000
1827 -68.0000000000
1832 -67.0000000000
1876 -66.0000000000
1914 -65.0000000000
1996 -64.0000000000
2029 -63.0000000000
2033 -62.0000000000
2070 -61.0000000000
2122 -60.0000000000
2147 -58.0000000000
2224 -57.0000000000
2225 -56.0000000000
2277 -55.0000000000
2306 -54.0000000000
2317 -53.0000000000
2356 -50.0000000000
2414 -49.0000000000
2416 -48.0000000000
2484 -47.0000000000
2527 -46.0000000000
2562 -45.0000000000
2639 -44.0000000000
2679 -43.0000000000
2722 -42.0000000000
2756 -41.0000000000
2814 -40.0000000000
2843 -38.0000000000
2906 -37.0000000000
2950 -36.0000000000
3003 -35.0000000000
3057 -33.0000000000
3108 -32.0000000000
3190 -31.0000000000
3254 -29.0000000000
3322 -28.0000000000
3359 -27.0000000000
3427 -26.0000000000
3470 -25.0000000000
3522 -23.0000000000
3574 -22.0000000000
3621 -21.0000000000
3665 -20.0000000000
3749 -19.0000000000
3812 -18.0000000000
3826 -17.0000000000
3880 -16.0000000000
3965 -15.0000000000
4024 -14.0000000000
4089 -13.0000000000
4142 -12.0000000000
4211 -11.0000000000
4272 -10.0000000000
4318 -9.0000000000
4347 -8.0000000000
4382 -7.0000000000
4487 -6.0000000000
4562 -5.0000000000
4640 -4.0000000000
4715 -3.0000000000
4833 -2.0000000000
4838 -1.0000000000
4912 394.0000000000
4952 397.0000000000
5137 398.0000000000
5317 401.0000000000
5388 402.0000000000
5405 403.0000000000
5408 405.0000000000
5476 409.0000000000
5505 414.0000000000
5704 418.0000000000
6212 420.0000000000
6326 421.0000000000
6359 423.0000000000
6446 424.0000000000
6588 428.0000000000
6719 430.0000000000
14533 431.0000000000
19465 432.0000000000
20296 433.0000000000
20304 434.0000000000
30691 435.0000000000
41079 436.0000000000
74353 437.0000000000
99980 -2.0000000000
evaluations raw_y
1 -227.0000000000
2 -210.0000000000
3 -196.0000000000
18 -187.0000000000
25 -181.0000000000
74 -179.0000000000
83 -177.0000000000
95 -173.0000000000
103 -172.0000000000
110 -168.0000000000
141 -165.0000000000
178 -163.0000000000
182 -162.0000000000
205 -159.0000000000
221 -154.0000000000
226 -153.0000000000
265 -152.0000000000
275 -151.0000000000
278 -149.0000000000
301 -146.0000000000
311 -145.0000000000
350 -144.0000000000
362 -143.0000000000
381 -139.0000000000
412 -138.0000000000
424 -134.0000000000
463 -132.0000000000
508 -129.0000000000
536 -128.0000000000
555 -125.0000000000
625 -123.0000000000
661 -121.0000000000
701 -120.0000000000
705 -119.0000000000
718 -117.0000000000
746 -115.0000000000
786 -114.0000000000
807 -112.0000000000
848 -111.0000000000
869 -109.0000000000
879 -108.0000000000
912 -104.0000000000
945 -99.0000000000
1034 -98.0000000000
1039 -97.0000000000
1094 -96.0000000000
1103 -94.0000000000
1142 -93.0000000000
1155 -92.0000000000
1178 -91.0000000000
1228 -90.0000000000
1252 -89.0000000000
1275 -88.0000000000
1281 -86.0000000000
1334 -85.0000000000
1349 -84.0000000000
1379 -81.0000000000
1464 -80.0000000000
1470 -79.0000000000
1501 -78.0000000000
1522 -77.0000000000
1584 -76.0000000000
1604 -75.0000000000
1632 -74.0000000000
1673 -73.0000000000
1678 -71.0000000000
1729 -69.0000000000
1754 -68.0000000000
1794 -67.0000000000
1825 -66.0000000000
1872 -64.0000000000
1921 -63.0000000000
1944 -62.0000000000
1956 -61.0000000000
2023 -60.0000000000
2039 -58.0000000000
2101 -57.0000000000
2183 -56.0000000000
2205 -55.0000000000
2309 -53.0000000000
2386 -52.0000000000
2430 -51.0000000000
2444 -50.0000000000
2511 -49.0000000000
2577 -48.0000000000
2608 -47.0000000000
2650 -45.0000000000
2677 -44.0000000000
2746 -43.0000000000
2792 -42.0000000000
2816 -41.0000000000
2840 -40.0000000000
2865 -39.0000000000
2907 -38.0000000000
2979 -37.0000000000
2990 -36.0000000000
3015 -35.0000000000
3031 -34.0000000000
3101 -33.0000000000
3116 -32.0000000000
3163 -30.0000000000
3199 -29.0000000000
3230 -28.0000000000
3247 -27.0000000000
3290 -26.0000000000
3348 -25.0000000000
3361 -23.0000000000
3441 -22.0000000000
3446 -21.0000000000
3466 -20.0000000000
3502 -19.0000000000
3542 -17.0000000000
3673 -16.0000000000
3704 -15.0000000000
3751 -14.0000000000
3823 -13.0000000000
3884 -12.0000000000
3953 -10.0000000000
4068 -8.0000000000
4184 -7.0000000000
4253 -6.0000000000
4277 -5.0000000000
4318 -4.0000000000
4393 -3.0000000000
4421 -2.0000000000
4519 -1.0000000000
4523 391.0000000000
4644 395.0000000000
4779 404.0000000000
5708 410.0000000000
6117 418.0000000000
6164 419.0000000000
8277 420.0000000000
8437 421.0000000000
8676 422.0000000000
8765 423.0000000000
8806 424.0000000000
16650 426.0000000000
16820 429.0000000000
20246 431.0000000000
21110 433.0000000000
33699 434.0000000000
41336 435.0000000000
46721 436.0000000000
99980 -1.0000000000
evaluations raw_y
1 -233.0000000000
2 -230.0000000000
3 -202.0000000000
21 -201.0000000000
60 -198.0000000000
67 -189.0000000000
70 -186.0000000000
126 -185.0000000000
128 -180.0000000000
139 -177.0000000000
147 -172.0000000000
181 -166.0000000000
207 -163.0000000000
229 -160.0000000000
249 -159.0000000000
253 -156.0000000000
265 -155.0000000000
301 -153.0000000000
310 -152.0000000000
327 -150.0000000000
342 -143.0000000000
386 -142.0000000000
387 -137.0000000000
450 -135.0000000000
492 -134.0000000000
502 -132.0000000000
504 -131.0000000000
515 -127.0000000000
550 -125.0000000000
598 -124.0000000000
624 -121.0000000000
663 -120.0000000000
708 -116.0000000000
744 -113.0000000000
792 -112.0000000000
794 -110.0000000000
842 -107.0000000000
913 -106.0000000000
962 -105.0000000000
981 -102.0000000000
1029 -101.0000000000
1066 -100.0000000000
1113 -98.0000000000
1142 -97.0000000000
1162 -95.0000000000
1189 -92.0000000000
1288 -91.0000000000
1295 -90.0000000000
1302 -88.0000000000
1348 -86.0000000000
1393 -85.0000000000
1410 -84.0000000000
1422 -83.0000000000
1427 -82.0000000000
1507 -81.0000000000
1522 -78.0000000000
1565 -77.0000000000
1627 -76.0000000000
1673 -75.0000000000
1681 -74.0000000000
1710 -70.0000000000
1768 -68.0000000000
1837 -67.0000000000
1875 -66.0000000000
1926 -64.0000000000
1995 -61.0000000000
2079 -60.0000000000
2101 -58.0000000000
2150 -56.0000000000
2190 -55.0000000000
2204 -53.0000000000
2288 -52.0000000000
2317 -51.0000000000
2350 -50.0000000000
2361 -49.0000000000
2384 -46.0000000000
2462 -44.0000000000
2503 -43.0000000000
2526 -42.0000000000
2551 -41.0000000000
2566 -40.0000000000
2593 -38.0000000000
2663 -37.0000000000
2720 -36.0000000000
2742 -35.0000000000
2786 -33.0000000000
2879 -31.0000000000
2969 -30.0000000000
2998 -29.0000000000
3061 -28.0000000000
3103 -27.0000000000
3141 -26.0000000000
3187 -25.0000000000
3237 -24.0000000000
3295 -23.0000000000
3415 -22.0000000000
3469 -21.0000000000
3474 -20.0000000000
3500 -19.0000000000
3544 -18.0000000000
3582 -17.0000000000
3636 -16.0000000000
3661 -15.0000000000
3720 -14.0000000000
3742 -13.0000000000
3783 -12.0000000000
3880 -11.0000000000
3908 -10.0000000000
3958 -9.0000000000
4010 -8.0000000000
4033 -7.0000000000
4107 -6.0000000000
4148 -5.0000000000
4152 -4.0000000000
4216 -3.0000000000
4265 -2.0000000000
4394 -1.0000000000
4471 368.0000000000
4545 375.0000000000
4550 391.0000000000
4607 392.0000000000
4681 401.0000000000
4857 403.0000000000
5029 405.0000000000
5256 414.0000000000
5454 415.0000000000
5466 416.0000000000
5509 418.0000000000
5591 419.0000000000
5924 421.0000000000
6503 422.0000000000
6857 424.0000000000
7238 425.0000000000
14318 429.0000000000
31932 430.0000000000
35400 432.0000000000
37107 434.0000000000
80106 435.0000000000
99980 -2.0000000000
evaluations raw_y
1 -206.0000000000
7 -205.0000000000
16 -202.0000000000
34 -200.0000000000
36 -192.0000000000
63 -190.0000000000
71 -186.0000000000
80 -184.0000000000
87 -182.0000000000
108 -180.0000000000
121 -176.0000000000
150 -174.0000000000
161 -165.0000000000
183 -159.0000000000
226 -156.0000000000
252 -150.0000000000
263 -147.0000000000
316 -145.0000000000
318 -142.0000000000
341 -141.0000000000
350 -139.0000000000
381 -137.0000000000
388 -133.0000000000
422 -132.0000000000
435 -130.0000000000
491 -129.0000000000
504 -127.0000000000
519 -126.0000000000
550 -125.0000000000
564 -123.0000000000
587 -122.0000000000
609 -119.0000000000
644 -118.0000000000
663 -112.0000000000
736 -109.0000000000
769 -108.0000000000
787 -106.0000000000
810 -104.0000000000
830 -103.0000000000
845 -102.0000000000
854 -101.0000000000
869 -100.0000000000
906 -98.0000000000
943 -97.0000000000
974 -96.0000000000
995 -93.0000000000
1029 -91.0000000000
1101 -90.0000000000
1125 -88.0000000000
1191 -87.0000000000
1195 -86.0000000000
1223 -85.0000000000
1264 -83.0000000000
1302 -82.0000000000
1343 -78.0000000000
1388 -76.0000000000
1422 -75.0000000000
1437 -74.0000000000
1471 -73.0000000000
1493 -72.0000000000
1517 -71.0000000000
1597 -70.0000000000
1627 -68.0000000000
1668 -67.0000000000
1699 -66.0000000000
1739 -65.0000000000
1752 -62.0000000000
1796 -61.0000000000
1838 -60.0000000000
1903 -59.0000000000
1907 -58.0000000000
1965 -57.0000000000
1980 -56.0000000000
2005 -54.0000000000
2071 -53.0000000000
2115 -52.0000000000
2180 -51.0000000000
2187 -50.0000000000
2274 -49.0000000000
2288 -48.0000000000
2342 -47.0000000000
2382 -45.0000000000
2401 -44.0000000000
2442 -43.0000000000
2465 -42.0000000000
2506 -41.0000000000
2543 -40.0000000000
2596 -39.0000000000
2641 -38.0000000000
2653 -37.0000000000
2706 -36.0000000000
2711 -35.0000000000
2721 -34.0000000000
2757 -33.0000000000
2786 -32.0000000000
2841 -31.0000000000
2867 -30.0000000000
2879 -29.0000000000
2950 -28.0000000000
2996 -27.0000000000
3021 -26.0000000000
3069 -24.0000000000
3114 -23.0000000000
3169 -22.0000000000
3269 -21.0000000000
3347 -20.0000000000
3385 -19.0000000000
3478 -18.0000000000
3542 -17.0000000000
3600 -16.0000000000
3627 -15.0000000000
3716 -14.0000000000
3721 -13.0000000000
3743 -12.0000000000
3816 -11.0000000000
3839 -10.0000000000
3911 -9.0000000000
4008 -8.0000000000
4054 -7.0000000000
4152 -6.0000000000
4309 -5.0000000000
4385 -4.0000000000
4480 -3.0000000000
4539 -2.0000000000
4544 -1.0000000000
4604 388.0000000000
5020 404.0000000000
5338 405.0000000000
5407 413.0000000000
6046 416.0000000000
6303 417.0000000000
7203 420.0000000000
7240 421.0000000000
7456 422.0000000000
7825 423.0000000000
16308 426.0000000000
19753 427.0000000000
24499 428.0000000000
26850 429.0000000000
31698 433.0000000000
69321 434.0000000000
99980 434.0000000000
evaluations raw_y
1 -210.0000000000
3 -207.0000000000
5 -201.0000000000
9 -200.0000000000
12 -199.0000000000
21 -194.0000000000
25 -191.0000000000
36 -186.0000000000
74 -182.0000000000
90 -180.0000000000
102 -175.0000000000
142 -169.0000000000
182 -168.0000000000
188 -164.0000000000
216 -163.0000000000
228 -160.0000000000
243 -159.0000000000
259 -158.0000000000
263 -145.0000000000
306 -143.0000000000
341 -141.0000000000
366 -140.0000000000
381 -135.0000000000
404 -134.0000000000
430 -133.0000000000
439 -132.0000000000
445 -128.0000000000
479 -127.0000000000
502 -126.0000000000
513 -125.0000000000
529 -120.0000000000
563 -116.0000000000
583 -115.0000000000
586 -114.0000000000
590 -113.0000000000
622 -112.0000000000
626 -111.0000000000
661 -110.0000000000
680 -109.0000000000
702 -107.0000000000
746 -106.0000000000
757 -105.0000000000
767 -104.0000000000
784 -99.0000000000
862 -98.0000000000
876 -96.0000000000
902 -95.0000000000
905 -94.0000000000
911 -93.0000000000
928 -92.0000000000
945 -91.0000000000
981 -89.0000000000
994 -87.0000000000
999 -86.0000000000
1056 -84.0000000000
1063 -83.0000000000
1068 -81.0000000000
1149 -80.0000000000
1176 -79.0000000000
1201 -78.0000000000
1261 -77.0000000000
1293 -76.0000000000
1331 -75.0000000000
1345 -73.0000000000
1396 -72.0000000000
1412 -71.0000000000
1466 -70.0000000000
1503 -69.0000000000
1524 -67.0000000000
1550 -66.0000000000
1573 -64.0000000000
1635 -62.0000000000
1680 -61.0000000000
1707 -59.0000000000
1775 -55.0000000000
1880 -54.0000000000
1902 -53.0000000000
1914 -52.0000000000
1965 -51.0000000000
1986 -50.0000000000
2021 -48.0000000000
2063 -46.0000000000
2107 -45.0000000000
2165 -44.0000000000
2194 -43.0000000000
2247 -42.0000000000
2257 -41.0000000000
2290 -40.0000000000
2323 -39.0000000000
2381 -38.0000000000
2428 -36.0000000000
2470 -34.0000000000
2521 -32.0000000000
2553 -31.0000000000
2623 -30.0000000000
2630 -27.0000000000
2716 -26.0000000000
2726 -25.0000000000
2767 -23.0000000000
2801 -22.0000000000
2824 -21.0000000000
2895 -20.0000000000
2902 -19.0000000000
2994 -18.0000000000
3023 -17.0000000000
3045 -16.0000000000
3097 -15.0000000000
3165 -14.0000000000
3199 -13.0000000000
3223 -12.0000000000
3280 -10.0000000000
3424 -9.0000000000
3562 -8.0000000000
3647 -7.0000000000
3668 -6.0000000000
3704 -5.0000000000
3741 -4.0000000000
3749 -3.0000000000
3781 -1.0000000000
3874 375.0000000000
3963 376.0000000000
3967 379.0000000000
3984 380.0000000000
4067 388.0000000000
4111 393.0000000000
4156 395.0000000000
4800 401.0000000000
4858 404.0000000000
7058 413.0000000000
7262 416.0000000000
9977 419.0000000000
10029 423.0000000000
10150 424.0000000000
10161 425.0000000000
29746 429.0000000000
32203 430.0000000000
32261 432.0000000000
32329 433.0000000000
32387 434.0000000000
61657 435.0000000000
99771 436.0000000000
99980 -1.0000000000
evaluations raw_y
1 -213.0000000000
3 -210.0000000000
4 -205.0000000000
12 -196.0000000000
32 -195.0000000000
48 -194.0000000000
60 -192.0000000000
67 -191.0000000000
82 -190.0000000000
102 -187.0000000000
103 -185.0000000000
118 -176.0000000000
150 -175.0000000000
186 -169.0000000000
224 -164.0000000000
266 -162.0000000000
282 -161.0000000000
305 -151.0000000000
424 -150.0000000000
449 -148.0000000000
467 -146.0000000000
473 -145.0000000000
512 -144.0000000000
522 -141.0000000000
556 -140.0000000000
586 -139.0000000000
615 -138.0000000000
624 -137.0000000000
627 -136.0000000000
661 -135.0000000000
666 -134.0000000000
669 -133.0000000000
676 -130.0000000000
729 -128.0000000000
750 -127.0000000000
769 -126.0000000000
786 -125.0000000000
803 -124.0000000000
818 -119.0000000000
828 -118.0000000000
892 -117.0000000000
907 -115.0000000000
987 -114.0000000000
1024 -112.0000000000
1028 -110.0000000000
1119 -109.0000000000
1126 -107.0000000000
1150 -105.0000000000
1190 -104.0000000000
1217 -102.0000000000
1234 -101.0000000000
1267 -100.0000000000
1305 -98.0000000000
1352 -97.0000000000
1389 -96.0000000000
1406 -94.0000000000
1427 -93.0000000000
1480 -92.0000000000
1502 -90.0000000000
1508 -89.0000000000
1555 -88.0000000000
1597 -87.0000000000
1635 -86.0000000000
1674 -85.0000000000
1680 -81.0000000000
1701 -80.0000000000
1751 -79.0000000000
1786 -78.0000000000
1805 -77.0000000000
1832 -76.0000000000
1884 -75.0000000000
1905 -74.0000000000
1969 -73.0000000000
1983 -71.0000000000
1993 -69.0000000000
2044 -68.0000000000
2048 -67.0000000000
2073 -66.0000000000
2131 -65.0000000000
2148 -64.0000000000
2185 -63.0000000000
2218 -62.0000000000
2252 -61.0000000000
2265 -60.0000000000
2318 -59.0000000000
2385 -58.0000000000
2427 -57.0000000000
2505 -56.0000000000
2508 -55.0000000000
2574 -54.0000000000
2624 -53.0000000000
2647 -52.0000000000
2662 -51.0000000000
2742 -50.0000000000
2794 -49.0000000000
2833 -47.0000000000
2893 -46.0000000000
2920 -45.0000000000
2996 -43.0000000000
3030 -42.0000000000
3071 -40.0000000000
3135 -38.0000000000
3193 -37.0000000000
3205 -36.0000000000
3259 -35.0000000000
3283 -33.0000000000
3317 -32.0000000000
3392 -31.0000000000
3432 -30.0000000000
3433 -29.0000000000
3437 -28.0000000000
3486 -27.0000000000
3513 -26.0000000000
3584 -25.0000000000
3621 -24.0000000000
3641 -23.0000000000
3713 -22.0000000000
3729 -21.0000000000
3807 -20.0000000000
3829 -19.0000000000
3884 -18.0000000000
3934 -17.0000000000
3945 -16.0000000000
3987 -15.0000000000
4028 -14.0000000000
4055 -13.0000000000
4073 -12.0000000000
4162 -11.0000000000
4196 -10.0000000000
4251 -9.0000000000
4311 -7.0000000000
4383 -6.0000000000
4514 -5.0000000000
4596 -4.0000000000
4705 -3.0000000000
4716 -2.0000000000
4845 -1.0000000000
4969 386.0000000000
5147 390.0000000000
5697 392.0000000000
5722 393.0000000000
5782 400.0000000000
5807 403.0000000000
5813 404.0000000000
5986 407.0000000000
6394 414.0000000000
7240 416.0000000000
8687 419.0000000000
9341 423.0000000000
9491 426.0000000000
9684 427.0000000000
16582 429.0000000000
31416 430.0000000000
50232 431.0000000000
99980 -2.0000000000
evaluations raw_y
1 -211.0000000000
4 -208.0000000000
11 -206.0000000000
15 -201.0000000000
18 -200.0000000000
22 -199.0000000000
26 -188.0000000000
36 -187.0000000000
69 -186.0000000000
83 -185.0000000000
88 -182.0000000000
89 -172.0000000000
94 -169.0000000000
102 -163.0000000000
144 -155.0000000000
193 -151.0000000000
208 -150.0000000000
225 -142.0000000000
275 -141.0000000000
305 -136.0000000000
366 -135.0000000000
381 -134.0000000000
386 -132.0000000000
410 -130.0000000000
417 -129.0000000000
421 -125.0000000000
464 -122.0000000000
505 -121.0000000000
521 -118.0000000000
587 -117.0000000000
589 -114.0000000000
686 -112.0000000000
694 -111.0000000000
723 -109.0000000000
761 -108.0000000000
797 -104.0000000000
865 -103.0000000000
904 -102.0000000000
905 -99.0000000000
961 -96.0000000000
982 -95.0000000000
1035 -94.0000000000
1085 -93.0000000000
1101 -91.0000000000
1130 -90.0000000000
1187 -89.0000000000
1221 -88.0000000000
1264 -87.0000000000
1273 -86.0000000000
1344 -85.0000000000
1352 -84.0000000000
1382 -83.0000000000
1405 -82.0000000000
1434 -80.0000000000
1474 -78.0000000000
1541 -77.0000000000
1596 -76.0000000000
1603 -75.0000000000
1636 -74.0000000000
1665 -72.0000000000
1688 -71.0000000000
1736 -70.0000000000
1741 -69.0000000000
1789 -68.0000000000
1799 -67.0000000000
1834 -66.0000000000
1848 -65.0000000000
1881 -63.0000000000
1902 -61.0000000000
1921 -60.0000000000
1944 -59.0000000000
1950 -58.0000000000
2002 -54.0000000000
2029 -53.0000000000
2063 -50.0000000000
2148 -49.0000000000
2197 -48.0000000000
2269 -46.0000000000
2346 -45.0000000000
2412 -44.0000000000
2471 -43.0000000000
2559 -42.0000000000
2574 -41.0000000000
2644 -40.0000000000
2652 -39.0000000000
2661 -38.0000000000
2730 -37.0000000000
2749 -36.0000000000
2804 -34.0000000000
2860 -33.0000000000
2895 -32.0000000000
2914 -30.0000000000
2951 -29.0000000000
2988 -28.0000000000
3028 -27.0000000000
3117 -26.0000000000
3186 -25.0000000000
3209 -24.0000000000
3271 -23.0000000000
3370 -22.0000000000
3403 -21.0000000000
3503 -20.0000000000
3529 -19.0000000000
3552 -18.0000000000
3587 -17.0000000000
3645 -16.0000000000
3788 -15.0000000000
3814 -13.0000000000
3893 -12.0000000000
3990 -11.0000000000
4022 -10.0000000000
4121 -9.0000000000
4169 -8.0000000000
4226 -7.0000000000
4276 -6.0000000000
4301 -5.0000000000
4360 -4.0000000000
4440 -3.0000000000
4546 -2.0000000000
4592 -1.0000000000
4654 376.0000000000
4677 382.0000000000
4683 383.0000000000
4704 386.0000000000
4707 401.0000000000
4855 404.0000000000
5008 407.0000000000
6154 408.0000000000
6270 411.0000000000
6348 413.0000000000
9974 415.0000000000
11814 418.0000000000
11981 419.0000000000
12801 420.0000000000
13037 422.0000000000
13144 423.0000000000
16904 424.0000000000
18509 426.0000000000
18689 428.0000000000
19961 429.0000000000
20299 431.0000000000
20363 433.0000000000
20660 434.0000000000
23764 437.0000000000
23912 438.0000000000
37161 439.0000000000
43641 440.0000000000
52642 441.0000000000
99980 441.0000000000
evaluations raw_y
1 -217.0000000000
2 -211.0000000000
6 -202.0000000000
15 -201.0000000000
16 -199.0000000000
25 -178.0000000000
96 -177.0000000000
111 -176.0000000000
118 -172.0000000000
141 -169.0000000000
154 -168.0000000000
163 -166.0000000000
170 -163.0000000000
171 -161.0000000000
186 -151.0000000000
266 -149.0000000000
273 -142.0000000000
322 -135.0000000000
357 -134.0000000000
405 -133.0000000000
433 -131.0000000000
464 -129.0000000000
477 -127.0000000000
527 -126.0000000000
545 -125.0000000000
548 -123.0000000000
582 -122.0000000000
627 -119.0000000000
671 -117.0000000000
717 -116.0000000000
743 -115.0000000000
768 -114.0000000000
793 -113.0000000000
824 -112.0000000000
835 -111.0000000000
867 -107.0000000000
905 -106.0000000000
946 -104.0000000000
987 -102.0000000000
1004 -101.0000000000
1019 -100.0000000000
1060 -99.0000000000
1102 -98.0000000000
1104 -96.0000000000
1131 -95.0000000000
1145 -92.0000000000
1198 -91.0000000000
1229 -90.0000000000
1242 -88.0000000000
1268 -87.0000000000
1320 -85.0000000000
1341 -84.0000000000
1383 -83.0000000000
1399 -81.0000000000
1448 -79.0000000000
1462 -78.0000000000
1526 -77.0000000000
1556 -76.0000000000
1589 -75.0000000000
1597 -74.0000000000
1641 -73.0000000000
1663 -72.0000000000
1666 -70.0000000000
1699 -68.0000000000
1730 -67.0000000000
1749 -66.0000000000
1783 -65.0000000000
1792 -64.0000000000
1829 -63.0000000000
1832 -61.0000000000
1861 -60.0000000000
1891 -58.0000000000
1934 -57.0000000000
1943 -56.0000000000
2004 -55.0000000000
2017 -54.0000000000
2061 -53.0000000000
2110 -52.0000000000
2136 -51.0000000000
2166 -49.0000000000
2288 -47.0000000000
2334 -45.0000000000
2356 -43.0000000000
2424 -42.0000000000
2456 -41.0000000000
2506 -40.0000000000
2546 -38.0000000000
2637 -37.0000000000
2666 -36.0000000000
2678 -34.0000000000
2720 -33.0000000000
2808 -32.0000000000
2879 -31.0000000000
2892 -30.0000000000
2948 -29.0000000000
2988 -28.0000000000
3049 -27.0000000000
3086 -26.0000000000
3102 -25.0000000000
3226 -24.0000000000
3227 -23.0000000000
3313 -22.0000000000
3341 -21.0000000000
3395 -20.0000000000
3422 -19.0000000000
3463 -18.0000000000
3524 -17.0000000000
3551 -16.0000000000
3632 -15.0000000000
3716 -14.0000000000
3732 -13.0000000000
3809 -12.0000000000
3876 -11.0000000000
3877 -10.0000000000
3966 -9.0000000000
3995 -8.0000000000
4078 -7.0000000000
4105 -6.0000000000
4180 -5.0000000000
4204 -4.0000000000
4348 -3.0000000000
4462 -2.0000000000
4751 -1.0000000000
4802 388.0000000000
4898 389.0000000000
4899 391.0000000000
4917 404.0000000000
5322 405.0000000000
5593 415.0000000000
5798 416.0000000000
8004 417.0000000000
8035 419.0000000000
8213 422.0000000000
8630 424.0000000000
8744 425.0000000000
9059 427.0000000000
17682 428.0000000000
21952 430.0000000000
27255 431.0000000000
28456 432.0000000000
63500 437.0000000000
99980 437.0000000000
evaluations raw_y
1 -219.0000000000
2 -216.0000000000
4 -195.0000000000
19 -188.0000000000
24 -186.0000000000
30 -179.0000000000
64 -176.0000000000
70 -172.0000000000
102 -170.0000000000
123 -168.0000000000
142 -159.0000000000
177 -155.0000000000
192 -152.0000000000
198 -151.0000000000
233 -146.0000000000
240 -145.0000000000
250 -144.0000000000
273 -140.0000000000
346 -138.0000000000
366 -133.0000000000
435 -132.0000000000
438 -129.0000000000
475 -127.0000000000
483 -126.0000000000
496 -123.0000000000
505 -122.0000000000
541 -121.0000000000
555 -120.0000000000
563 -118.0000000000
591 -117.0000000000
621 -114.0000000000
625 -113.0000000000
662 -112.0000000000
674 -111.0000000000
695 -110.0000000000
748 -109.0000000000
764 -107.0000000000
821 -106.0000000000
828 -105.0000000000
866 -104.0000000000
901 -101.0000000000
971 -100.0000000000
1006 -99.0000000000
1054 -98.0000000000
1070 -95.0000000000
1106 -94.0000000000
1132 -93.0000000000
1141 -92.0000000000
1148 -91.0000000000
1186 -90.0000000000
1191 -89.0000000000
1221 -88.0000000000
1239 -87.0000000000
1265 -86.0000000000
1301 -85.0000000000
1316 -83.0000000000
1390 -82.0000000000
1423 -81.0000000000
1465 -79.0000000000
1511 -78.0000000000
1546 -76.0000000000
1589 -74.0000000000
1622 -71.0000000000
1682 -70.0000000000
1709 -69.0000000000
1744 -68.0000000000
1798 -67.0000000000
1822 -65.0000000000
1885 -64.0000000000
1888 -63.0000000000
1918 -62.0000000000
1941 -61.0000000000
2009 -60.0000000000
2016 -59.0000000000
2022 -58.0000000000
2070 -57.0000000000
2097 -56.0000000000
2124 -55.0000000000
2143 -54.0000000000
2166 -53.0000000000
2186 -52.0000000000
2221 -51.0000000000
2251 -50.0000000000
2261 -49.0000000000
2297 -47.0000000000
2333 -46.0000000000
2410 -45.0000000000
2466 -44.0000000000
2494 -43.0000000000
2523 -42.0000000000
2585 -40.0000000000
2653 -38.0000000000
2682 -37.0000000000
2715 -36.0000000000
2745 -35.0000000000
2797 -34.0000000000
2832 -33.0000000000
2911 -32.0000000000
2934 -31.0000000000
2996 -28.0000000000
3052 -27.0000000000
3112 -26.0000000000
3146 -25.0000000000
3151 -24.0000000000
3199 -23.0000000000
3269 -22.0000000000
3335 -21.0000000000
3390 -20.0000000000
3398 -19.0000000000
3430 -18.0000000000
3467 -17.0000000000
3547 -16.0000000000
3684 -15.0000000000
3715 -14.0000000000
3786 -13.0000000000
3807 -12.0000000000
3863 -11.0000000000
3915 -10.0000000000
3948 -8.0000000000
4055 -7.0000000000
4128 -6.0000000000
4207 -5.0000000000
4264 -4.0000000000
4364 -3.0000000000
4485 -2.0000000000
4660 -1.0000000000
4757 387.0000000000
4839 399.0000000000
4943 407.0000000000
4956 414.0000000000
5345 417.0000000000
5419 424.0000000000
8596 425.0000000000
8720 427.0000000000
12456 428.0000000000
15313 430.0000000000
18940 431.0000000000
43509 432.0000000000
47242 434.0000000000
47480 436.0000000000
63850 437.0000000000
91479 438.0000000000
99980 438.0000000000
evaluations raw_y
1 -216.0000000000
4 -210.0000000000
6 -200.0000000000
8 -199.0000000000
31 -197.0000000000
51 -193.0000000000
54 -189.0000000000
71 -185.0000000000
98 -184.0000000000
102 -183.0000000000
106 -182.0000000000
108 -181.0000000000
120 -175.0000000000
148 -174.0000000000
156 -168.0000000000
185 -164.0000000000
206 -162.0000000000
218 -160.0000000000
226 -157.0000000000
232 -155.0000000000
267 -154.0000000000
286 -146.0000000000
320 -139.0000000000
362 -132.0000000000
425 -130.0000000000
444 -128.0000000000
451 -127.0000000000
468 -123.0000000000
470 -121.0000000000
504 -120.0000000000
520 -115.0000000000
547 -114.0000000000
587 -111.0000000000
623 -109.0000000000
630 -107.0000000000
667 -106.0000000000
683 -105.0000000000
715 -104.0000000000
746 -102.0000000000
753 -100.0000000000
810 -98.0000000000
824 -97.0000000000
825 -96.0000000000
861 -94.0000000000
902 -93.0000000000
903 -92.0000000000
966 -91.0000000000
994 -89.0000000000
1032 -88.0000000000
1056 -87.0000000000
1070 -84.0000000000
1103 -83.0000000000
1150 -82.0000000000
1183 -81.0000000000
1210 -80.0000000000
1224 -79.0000000000
1251 -78.0000000000
1261 -77.0000000000
1282 -75.0000000000
1360 -74.0000000000
1370 -72.0000000000
1435 -71.0000000000
1469 -70.0000000000
1486 -69.0000000000
1541 -68.0000000000
1586 -67.0000000000
1601 -66.0000000000
1630 -64.0000000000
1679 -63.0000000000
1728 -62.0000000000
1730 -61.0000000000
1748 -59.0000000000
1808 -58.0000000000
1821 -56.0000000000
1883 -55.0000000000
1920 -54.0000000000
1944 -53.0000000000
2013 -52.0000000000
2038 -51.0000000000
2078 -50.0000000000
2111 -49.0000000000
2143 -48.0000000000
2167 -46.0000000000
2224 -45.0000000000
2262 -44.0000000000
2315 -43.0000000000
2322 -42.0000000000
2360 -41.0000000000
2381 -40.0000000000
2384 -39.0000000000
2440 -38.0000000000
2477 -37.0000000000
2502 -36.0000000000
2544 -35.0000000000
2550 -34.0000000000
2627 -33.0000000000
2636 -32.0000000000
2672 -31.0000000000
2741 -29.0000000000
2807 -28.0000000000
2832 -26.0000000000
2888 -24.0000000000
2981 -23.0000000000
3047 -22.0000000000
3061 -20.0000000000
3144 -19.0000000000
3184 -18.0000000000
3243 -17.0000000000
3313 -16.0000000000
3396 -15.0000000000
3427 -14.0000000000
3455 -13.0000000000
3513 -12.0000000000
3562 -11.0000000000
3631 -9.0000000000
3722 -8.0000000000
3788 -6.0000000000
3828 -5.0000000000
3982 -4.0000000000
4023 -3.0000000000
4072 -2.0000000000
4142 -1.0000000000
4222 390.0000000000
4401 403.0000000000
4772 407.0000000000
5652 408.0000000000
6842 410.0000000000
7536 413.0000000000
7929 416.0000000000
8431 419.0000000000
8476 423.0000000000
9184 425.0000000000
10669 431.0000000000
15104 432.0000000000
47374 433.0000000000
70809 435.0000000000
99980 -3.0000000000
evaluations raw_y
1 -225.0000000000
2 -195.0000000000
6 -194.0000000000
24 -193.0000000000
31 -183.0000000000
63 -176.0000000000
101 -175.0000000000
103 -170.0000000000
134 -167.0000000000
152 -166.0000000000
173 -165.0000000000
181 -158.0000000000
215 -157.0000000000
222 -154.0000000000
231 -153.0000000000
261 -152.0000000000
267 -151.0000000000
270 -146.0000000000
309 -140.0000000000
347 -139.0000000000
387 -138.0000000000
392 -137.0000000000
400 -136.0000000000
422 -135.0000000000
430 -133.0000000000
436 -132.0000000000
440 -130.0000000000
479 -128.0000000000
497 -127.0000000000
514 -126.0000000000
517 -124.0000000000
535 -122.0000000000
543 -120.0000000000
582 -117.0000000000
591 -113.0000000000
642 -112.0000000000
664 -111.0000000000
675 -110.0000000000
705 -109.0000000000
758 -108.0000000000
772 -106.0000000000
800 -105.0000000000
827 -104.0000000000
861 -100.0000000000
961 -97.0000000000
1031 -95.0000000000
1037 -92.0000000000
1072 -91.0000000000
1101 -90.0000000000
1144 -88.0000000000
1192 -87.0000000000
1195 -86.0000000000
1254 -85.0000000000
1266 -84.0000000000
1301 -83.0000000000
1314 -82.0000000000
1343 -81.0000000000
1376 -80.0000000000
1397 -77.0000000000
1424 -76.0000000000
1464 -75.0000000000
1520 -74.0000000000
1556 -73.0000000000
1562 -72.0000000000
1582 -71.0000000000
1630 -70.0000000000
1645 -69.0000000000
1667 -68.0000000000
1715 -67.0000000000
1755 -66.0000000000
1761 -65.0000000000
1797 -64.0000000000
1816 -62.0000000000
1823 -61.0000000000
1890 -59.0000000000
1943 -58.0000000000
1974 -57.0000000000
2001 -56.0000000000
2012 -54.0000000000
2065 -53.0000000000
2074 -52.0000000000
2110 -51.0000000000
2141 -49.0000000000
2194 -48.0000000000
2204 -47.0000000000
2245 -46.0000000000
2282 -44.0000000000
2312 -42.0000000000
2353 -41.0000000000
2396 -40.0000000000
2458 -39.0000000000
2483 -38.0000000000
2508 -37.0000000000
2533 -36.0000000000
2610 -34.0000000000
2684 -33.0000000000
2745 -32.0000000000
2800 -31.0000000000
2843 -30.0000000000
2866 -29.0000000000
2935 -28.0000000000
2946 -26.0000000000
3006 -25.0000000000
3055 -24.0000000000
3103 -23.0000000000
3131 -22.0000000000
3175 -20.0000000000
3255 -19.0000000000
3262 -18.0000000000
3292 -17.0000000000
3342 -16.0000000000
3383 -15.0000000000
3452 -14.0000000000
3461 -13.0000000000
3505 -12.0000000000
3628 -10.0000000000
3723 -9.0000000000
3804 -8.0000000000
3906 -7.0000000000
3944 -5.0000000000
4024 -4.0000000000
4214 -3.0000000000
4254 -2.0000000000
4324 -1.0000000000
4353 374.0000000000
4465 375.0000000000
4490 376.0000000000
4572 381.0000000000
4589 393.0000000000
4769 397.0000000000
4778 400.0000000000
5143 407.0000000000
5404 408.0000000000
6026 410.0000000000
6067 415.0000000000
6221 416.0000000000
6259 418.0000000000
9177 419.0000000000
9579 421.0000000000
14432 423.0000000000
14536 424.0000000000
14597 425.0000000000
21396 426.0000000000
21569 427.0000000000
21744 430.0000000000
29252 431.0000000000
61141 432.0000000000
74330 433.0000000000
82593 434.0000000000
99980 -1.0000000000
