evaluations raw_y
1 -201.0000000000
15 -195.0000000000
31 -193.0000000000
49 -189.0000000000
70 -185.0000000000
104 -182.0000000000
134 -180.0000000000
142 -178.0000000000
149 -168.0000000000
189 -163.0000000000
197 -159.0000000000
249 -158.0000000000
262 -154.0000000000
267 -152.0000000000
303 -149.0000000000
341 -148.0000000000
351 -142.0000000000
353 -141.0000000000
372 -138.0000000000
383 -137.0000000000
422 -132.0000000000
434 -127.0000000000
471 -123.0000000000
513 -120.0000000000
524 -119.0000000000
565 -117.0000000000
568 -116.0000000000
583 -114.0000000000
601 -113.0000000000
634 -112.0000000000
638 -109.0000000000
700 -106.0000000000
701 -104.0000000000
781 -103.0000000000
807 -102.0000000000
824 -99.0000000000
862 -98.0000000000
872 -97.0000000000
906 -96.0000000000
907 -95.0000000000
925 -94.0000000000
947 -93.0000000000
1013 -91.0000000000
1028 -89.0000000000
1074 -88.0000000000
1090 -86.0000000000
1135 -85.0000000000
1143 -84.0000000000
1151 -83.0000000000
1167 -82.0000000000
1199 -81.0000000000
1222 -80.0000000000
1238 -79.0000000000
1273 -78.0000000000
1275 -77.0000000000
1284 -74.0000000000
1349 -72.0000000000
1387 -71.0000000000
1389 -70.0000000000
1422 -69.0000000000
1523 -68.0000000000
1542 -67.0000000000
1589 -66.0000000000
1609 -65.0000000000
1634 -64.0000000000
1674 -62.0000000000
1768 -61.0000000000
1786 -60.0000000000
1834 -58.0000000000
1841 -57.0000000000
1938 -56.0000000000
1958 -53.0000000000
2026 -52.0000000000
2062 -51.0000000000
2112 -49.0000000000
2147 -47.0000000000
2236 -46.0000000000
2267 -44.0000000000
2323 -43.0000000000
2343 -41.0000000000
2415 -40.0000000000
2426 -39.0000000000
2462 -38.0000000000
2483 -37.0000000000
2513 -36.0000000000
2535 -35.0000000000
2559 -34.0000000000
2592 -33.0000000000
2645 -31.0000000000
2716 -30.0000000000
2739 -29.0000000000
2765 -26.0000000000
2857 -25.0000000000
2941 -24.0000000000
2997 -23.0000000000
3038 -22.0000000000
3093 -21.0000000000
3232 -20.0000000000
3251 -19.0000000000
3276 -18.0000000000
3341 -17.0000000000
3387 -16.0000000000
3456 -14.0000000000
3461 -13.0000000000
3476 -12.0000000000
3630 -11.0000000000
3713 -10.0000000000
3784 -9.0000000000
3826 -7.0000000000
3956 -6.0000000000
4095 -5.0000000000
4126 -4.0000000000
4209 -3.0000000000
4272 -2.0000000000
4334 -1.0000000000
4476 391.0000000000
4495 395.0000000000
4773 396.0000000000
4829 397.0000000000
4856 398.0000000000
4860 402.0000000000
5087 409.0000000000
5181 410.0000000000
5187 412.0000000000
5267 415.0000000000
5344 417.0000000000
6718 421.0000000000
7888 423.0000000000
9131 426.0000000000
9476 429.0000000000
9727 432.0000000000
19145 433.0000000000
23029 435.0000000000
28785 436.0000000000
45744 437.0000000000
54855 439.0000000000
99980 439.0000000000
evaluations raw_y
1 -220.0000000000
2 -213.0000000000
3 -201.0000000000
25 -197.0000000000
36 -196.0000000000
61 -195.0000000000
63 -193.0000000000
73 -183.0000000000
116 -181.0000000000
128 -179.0000000000
131 -176.0000000000
144 -174.0000000000
151 -172.0000000000
156 -171.0000000000
159 -170.0000000000
181 -168.0000000000
204 -164.0000000000
218 -163.0000000000
224 -160.0000000000
232 -157.0000000000
261 -156.0000000000
293 -154.0000000000
301 -151.0000000000
340 -149.0000000000
345 -147.0000000000
348 -146.0000000000
349 -145.0000000000
356 -143.0000000000
383 -141.0000000000
389 -140.0000000000
422 -138.0000000000
437 -137.0000000000
441 -136.0000000000
452 -135.0000000000
464 -133.0000000000
492 -131.0000000000
506 -128.0000000000
545 -125.0000000000
581 -123.0000000000
610 -122.0000000000
625 -121.0000000000
637 -120.0000000000
661 -119.0000000000
713 -117.0000000000
717 -116.0000000000
754 -115.0000000000
758 -114.0000000000
800 -113.0000000000
806 -112.0000000000
815 -111.0000000000
830 -108.0000000000
882 -107.0000000000
928 -105.0000000000
930 -103.0000000000
956 -102.0000000000
1028 -101.0000000000
1037 -98.0000000000
1104 -97.0000000000
1109 -95.0000000000
1174 -94.0000000000
1191 -92.0000000000
1230 -90.0000000000
1272 -89.0000000000
1302 -88.0000000000
1360 -87.0000000000
1381 -85.0000000000
1412 -84.0000000000
1428 -82.0000000000
1432 -81.0000000000
1462 -80.0000000000
1499 -78.0000000000
1556 -77.0000000000
1558 -75.0000000000
1583 -74.0000000000
1651 -73.0000000000
1696 -72.0000000000
1717 -70.0000000000
1771 -69.0000000000
1789 -68.0000000000
1833 -66.0000000000
1882 -65.0000000000
1928 -64.0000000000
1995 -62.0000000000
2033 -61.0000000000
2100 -60.0000000000
2119 -58.0000000000
2190 -57.0000000000
2209 -56.0000000000
2221 -55.0000000000
2309 -54.0000000000
2351 -52.0000000000
2457 -51.0000000000
2464 -49.0000000000
2554 -48.0000000000
2583 -47.0000000000
2622 -46.0000000000
2652 -45.0000000000
2676 -44.0000000000
2724 -43.0000000000
2743 -41.0000000000
2782 -40.0000000000
2944 -37.0000000000
3022 -36.0000000000
3061 -35.0000000000
3088 -34.0000000000
3101 -32.0000000000
3185 -30.0000000000
3275 -27.0000000000
3348 -25.0000000000
3417 -24.0000000000
3489 -22.0000000000
3539 -21.0000000000
3601 -20.0000000000
3692 -19.0000000000
3755 -18.0000000000
3786 -17.0000000000
3822 -16.0000000000
3953 -15.0000000000
4013 -14.0000000000
4083 -13.0000000000
4149 -12.0000000000
4243 -11.0000000000
4404 -10.0000000000
4592 -9.0000000000
4640 -8.0000000000
4761 -7.0000000000
4765 -6.0000000000
4825 -5.0000000000
4902 -4.0000000000
4996 -3.0000000000
5130 -2.0000000000
5208 -1.0000000000
5371 377.0000000000
5437 385.0000000000
5506 389.0000000000
5588 393.0000000000
5749 401.0000000000
6038 403.0000000000
6094 405.0000000000
6242 407.0000000000
6307 408.0000000000
6398 417.0000000000
8398 418.0000000000
8566 422.0000000000
14914 425.0000000000
15390 426.0000000000
16262 429.0000000000
22675 431.0000000000
29148 433.0000000000
54286 434.0000000000
67600 435.0000000000
71714 436.0000000000
99980 -2.0000000000
evaluations raw_y
1 -209.0000000000
3 -207.0000000000
12 -199.0000000000
36 -198.0000000000
64 -197.0000000000
68 -191.0000000000
83 -182.0000000000
101 -177.0000000000
149 -170.0000000000
161 -168.0000000000
169 -162.0000000000
204 -159.0000000000
224 -157.0000000000
236 -155.0000000000
292 -153.0000000000
308 -152.0000000000
317 -150.0000000000
346 -148.0000000000
387 -145.0000000000
400 -144.0000000000
424 -142.0000000000
479 -141.0000000000
502 -140.0000000000
520 -137.0000000000
551 -134.0000000000
608 -133.0000000000
619 -132.0000000000
654 -131.0000000000
671 -129.0000000000
675 -124.0000000000
745 -123.0000000000
776 -121.0000000000
813 -120.0000000000
822 -118.0000000000
862 -114.0000000000
925 -112.0000000000
943 -110.0000000000
1024 -109.0000000000
1034 -108.0000000000
1062 -105.0000000000
1120 -104.0000000000
1121 -103.0000000000
1147 -102.0000000000
1182 -101.0000000000
1223 -100.0000000000
1241 -99.0000000000
1263 -98.0000000000
1269 -97.0000000000
1308 -96.0000000000
1336 -95.0000000000
1344 -94.0000000000
1370 -92.0000000000
1433 -90.0000000000
1463 -88.0000000000
1472 -87.0000000000
1532 -86.0000000000
1539 -85.0000000000
1558 -82.0000000000
1594 -81.0000000000
1613 -78.0000000000
1675 -77.0000000000
1681 -75.0000000000
1703 -74.0000000000
1735 -73.0000000000
1782 -69.0000000000
1869 -67.0000000000
1909 -65.0000000000
1988 -64.0000000000
1989 -63.0000000000
2038 -61.0000000000
2061 -60.0000000000
2091 -59.0000000000
2133 -58.0000000000
2185 -56.0000000000
2246 -55.0000000000
2282 -54.0000000000
2312 -53.0000000000
2322 -52.0000000000
2381 -51.0000000000
2383 -50.0000000000
2427 -49.0000000000
2482 -48.0000000000
2485 -47.0000000000
2505 -46.0000000000
2572 -45.0000000000
2597 -44.0000000000
2631 -43.0000000000
2661 -42.0000000000
2711 -41.0000000000
2749 -40.0000000000
2766 -38.0000000000
2830 -37.0000000000
2899 -36.0000000000
2912 -35.0000000000
2946 -34.0000000000
3010 -33.0000000000
3042 -32.0000000000
3061 -31.0000000000
3101 -29.0000000000
3165 -27.0000000000
3171 -26.0000000000
3237 -25.0000000000
3287 -24.0000000000
3324 -23.0000000000
3352 -22.0000000000
3400 -20.0000000000
3426 -18.0000000000
3572 -17.0000000000
3622 -16.0000000000
3720 -15.0000000000
3768 -14.0000000000
3839 -13.0000000000
3875 -12.0000000000
3912 -11.0000000000
3929 -10.0000000000
3986 -9.0000000000
3987 -8.0000000000
4103 -6.0000000000
4213 -5.0000000000
4243 -4.0000000000
4327 -3.0000000000
4360 -2.0000000000
4464 -1.0000000000
4617 381.0000000000
4780 391.0000000000
4822 394.0000000000
5164 398.0000000000
5202 400.0000000000
5282 403.0000000000
5287 406.0000000000
5334 410.0000000000
5450 411.0000000000
5526 414.0000000000
5682 417.0000000000
6765 419.0000000000
6875 420.0000000000
7132 423.0000000000
12345 425.0000000000
12476 427.0000000000
21697 428.0000000000
25082 429.0000000000
26070 430.0000000000
45279 431.0000000000
55707 433.0000000000
86920 435.0000000000
99980 -4.0000000000
evaluations raw_y
1 -241.0000000000
2 -229.0000000000
3 -202.0000000000
6 -191.0000000000
24 -186.0000000000
27 -185.0000000000
57 -177.0000000000
94 -170.0000000000
102 -169.0000000000
115 -166.0000000000
145 -161.0000000000
182 -156.0000000000
198 -153.0000000000
221 -150.0000000000
254 -144.0000000000
263 -143.0000000000
304 -142.0000000000
306 -141.0000000000
308 -139.0000000000
333 -136.0000000000
386 -134.0000000000
422 -133.0000000000
426 -130.0000000000
462 -129.0000000000
489 -128.0000000000
507 -127.0000000000
513 -126.0000000000
524 -124.0000000000
530 -122.0000000000
552 -121.0000000000
584 -120.0000000000
587 -116.0000000000
632 -114.0000000000
675 -112.0000000000
719 -111.0000000000
728 -110.0000000000
736 -109.0000000000
747 -108.0000000000
754 -106.0000000000
802 -105.0000000000
808 -103.0000000000
833 -102.0000000000
880 -101.0000000000
883 -100.0000000000
897 -99.0000000000
910 -98.0000000000
941 -97.0000000000
943 -95.0000000000
952 -94.0000000000
1015 -92.0000000000
1023 -90.0000000000
1074 -89.0000000000
1113 -87.0000000000
1156 -84.0000000000
1238 -83.0000000000
1260 -82.0000000000
1269 -81.0000000000
1284 -79.0000000000
1309 -77.0000000000
1355 -76.0000000000
1383 -75.0000000000
1429 -74.0000000000
1476 -73.0000000000
1505 -72.0000000000
1553 -71.0000000000
1566 -70.0000000000
1590 -68.0000000000
1647 -67.0000000000
1676 -66.0000000000
1687 -65.0000000000
1706 -64.0000000000
1763 -63.0000000000
1787 -62.0000000000
1811 -61.0000000000
1835 -60.0000000000
1843 -59.0000000000
1869 -57.0000000000
1909 -56.0000000000
1946 -55.0000000000
1994 -54.0000000000
2050 -53.0000000000
2101 -52.0000000000
2106 -51.0000000000
2183 -49.0000000000
2223 -48.0000000000
2239 -47.0000000000
2261 -46.0000000000
2300 -45.0000000000
2310 -44.0000000000
2356 -43.0000000000
2399 -42.0000000000
2438 -40.0000000000
2486 -39.0000000000
2542 -38.0000000000
2551 -37.0000000000
2609 -36.0000000000
2628 -35.0000000000
2686 -34.0000000000
2701 -32.0000000000
2759 -31.0000000000
2821 -30.0000000000
2840 -29.0000000000
2881 -28.0000000000
2925 -26.0000000000
2994 -25.0000000000
3044 -24.0000000000
3061 -23.0000000000
3104 -22.0000000000
3189 -21.0000000000
3241 -20.0000000000
3271 -19.0000000000
3393 -18.0000000000
3431 -17.0000000000
3481 -16.0000000000
3551 -15.0000000000
3586 -14.0000000000
3664 -13.0000000000
3701 -12.0000000000
3787 -11.0000000000
3844 -10.0000000000
3968 -8.0000000000
4044 -7.0000000000
4142 -6.0000000000
4222 -5.0000000000
4351 -4.0000000000
4413 -3.0000000000
4507 -2.0000000000
4546 -1.0000000000
4667 400.0000000000
4868 402.0000000000
4929 407.0000000000
5206 412.0000000000
5486 414.0000000000
5527 417.0000000000
6668 418.0000000000
6836 420.0000000000
6875 421.0000000000
7034 422.0000000000
22708 425.0000000000
45478 426.0000000000
47514 427.0000000000
60261 429.0000000000
71264 430.0000000000
73863 433.0000000000
99980 433.0000000000
evaluations raw_y
1 -222.0000000000
2 -200.0000000000
41 -195.0000000000
47 -194.0000000000
61 -192.0000000000
64 -191.0000000000
73 -190.0000000000
76 -185.0000000000
97 -184.0000000000
104 -177.0000000000
106 -175.0000000000
110 -173.0000000000
143 -167.0000000000
150 -166.0000000000
185 -164.0000000000
198 -162.0000000000
223 -161.0000000000
225 -157.0000000000
234 -155.0000000000
261 -154.0000000000
264 -149.0000000000
277 -146.0000000000
305 -143.0000000000
352 -140.0000000000
389 -139.0000000000
397 -138.0000000000
401 -136.0000000000
423 -133.0000000000
464 -128.0000000000
502 -126.0000000000
557 -124.0000000000
580 -123.0000000000
582 -121.0000000000
629 -120.0000000000
631 -118.0000000000
674 -116.0000000000
686 -115.0000000000
699 -113.0000000000
704 -112.0000000000
743 -110.0000000000
808 -109.0000000000
834 -107.0000000000
842 -106.0000000000
904 -105.0000000000
910 -104.0000000000
944 -103.0000000000
954 -102.0000000000
1018 -101.0000000000
1028 -100.0000000000
1078 -99.0000000000
1087 -98.0000000000
1138 -96.0000000000
1149 -94.0000000000
1182 -93.0000000000
1200 -92.0000000000
1234 -91.0000000000
1235 -90.0000000000
1241 -89.0000000000
1264 -88.0000000000
1299 -87.0000000000
1334 -86.0000000000
1350 -85.0000000000
1358 -83.0000000000
1383 -81.0000000000
1447 -80.0000000000
1464 -79.0000000000
1477 -78.0000000000
1560 -77.0000000000
1596 -76.0000000000
1634 -75.0000000000
1649 -74.0000000000
1692 -73.0000000000
1705 -72.0000000000
1744 -71.0000000000
1767 -70.0000000000
1780 -69.0000000000
1804 -68.0000000000
1845 -67.0000000000
1866 -63.0000000000
1963 -61.0000000000
2012 -59.0000000000
2083 -58.0000000000
2096 -55.0000000000
2146 -54.0000000000
2182 -53.0000000000
2231 -52.0000000000
2239 -51.0000000000
2301 -50.0000000000
2381 -49.0000000000
2440 -48.0000000000
2495 -47.0000000000
2514 -46.0000000000
2586 -45.0000000000
2602 -44.0000000000
2616 -43.0000000000
2666 -40.0000000000
2749 -39.0000000000
2840 -38.0000000000
2881 -37.0000000000
2950 -36.0000000000
2994 -35.0000000000
3035 -34.0000000000
3092 -33.0000000000
3134 -32.0000000000
3178 -31.0000000000
3224 -30.0000000000
3262 -28.0000000000
3332 -26.0000000000
3432 -25.0000000000
3520 -24.0000000000
3530 -23.0000000000
3547 -21.0000000000
3587 -20.0000000000
3670 -18.0000000000
3727 -17.0000000000
3853 -16.0000000000
3912 -15.0000000000
3972 -14.0000000000
4067 -12.0000000000
4141 -11.0000000000
4182 -10.0000000000
4276 -9.0000000000
4347 -8.0000000000
4444 -7.0000000000
4541 -6.0000000000
4590 -5.0000000000
4730 -4.0000000000
4833 -3.0000000000
4892 -2.0000000000
4979 -1.0000000000
5047 413.0000000000
5900 415.0000000000
5977 417.0000000000
5981 419.0000000000
7003 422.0000000000
11284 425.0000000000
11457 427.0000000000
24635 428.0000000000
25024 429.0000000000
35825 430.0000000000
41601 431.0000000000
48906 432.0000000000
49055 433.0000000000
58333 435.0000000000
66867 436.0000000000
72693 437.0000000000
99980 437.0000000000
evaluations raw_y
1 -209.0000000000
8 -208.0000000000
10 -192.0000000000
43 -190.0000000000
66 -181.0000000000
137 -180.0000000000
146 -179.0000000000
158 -171.0000000000
202 -168.0000000000
234 -166.0000000000
262 -165.0000000000
292 -164.0000000000
302 -163.0000000000
309 -156.0000000000
369 -155.0000000000
385 -153.0000000000
392 -151.0000000000
430 -149.0000000000
462 -147.0000000000
473 -145.0000000000
540 -143.0000000000
544 -142.0000000000
556 -140.0000000000
582 -139.0000000000
587 -138.0000000000
628 -137.0000000000
659 -135.0000000000
694 -134.0000000000
701 -132.0000000000
762 -130.0000000000
780 -127.0000000000
811 -126.0000000000
852 -125.0000000000
866 -124.0000000000
886 -122.0000000000
945 -119.0000000000
984 -118.0000000000
1022 -117.0000000000
1062 -116.0000000000
1110 -115.0000000000
1111 -114.0000000000
1143 -113.0000000000
1166 -112.0000000000
1190 -111.0000000000
1195 -109.0000000000
1237 -108.0000000000
1239 -107.0000000000
1242 -106.0000000000
1284 -105.0000000000
1307 -104.0000000000
1346 -103.0000000000
1355 -102.0000000000
1396 -101.0000000000
1425 -99.0000000000
1469 -98.0000000000
1485 -97.0000000000
1494 -96.0000000000
1502 -95.0000000000
1540 -94.0000000000
1550 -93.0000000000
1585 -91.0000000000
1657 -90.0000000000
1679 -88.0000000000
1735 -87.0000000000
1748 -86.0000000000
1771 -85.0000000000
1821 -84.0000000000
1832 -81.0000000000
1872 -79.0000000000
1911 -78.0000000000
1949 -76.0000000000
1981 -75.0000000000
2033 -73.0000000000
2087 -72.0000000000
2118 -71.0000000000
2144 -70.0000000000
2182 -69.0000000000
2191 -68.0000000000
2233 -67.0000000000
2264 -66.0000000000
2307 -65.0000000000
2335 -64.0000000000
2434 -63.0000000000
2462 -62.0000000000
2501 -61.0000000000
2517 -60.0000000000
2548 -59.0000000000
2591 -58.0000000000
2595 -56.0000000000
2627 -55.0000000000
2632 -54.0000000000
2669 -52.0000000000
2701 -51.0000000000
2824 -50.0000000000
2872 -49.0000000000
2902 -47.0000000000
2915 -46.0000000000
2954 -45.0000000000
2993 -44.0000000000
3022 -43.0000000000
3081 -40.0000000000
3119 -39.0000000000
3161 -38.0000000000
3187 -36.0000000000
3218 -35.0000000000
3237 -34.0000000000
3263 -33.0000000000
3319 -32.0000000000
3364 -31.0000000000
3403 -29.0000000000
3487 -28.0000000000
3501 -27.0000000000
3543 -26.0000000000
3664 -25.0000000000
3672 -24.0000000000
3703 -23.0000000000
3739 -22.0000000000
3784 -21.0000000000
3837 -20.0000000000
3864 -18.0000000000
3968 -17.0000000000
3997 -16.0000000000
4001 -15.0000000000
4089 -14.0000000000
4131 -12.0000000000
4218 -11.0000000000
4291 -10.0000000000
4349 -8.0000000000
4418 -7.0000000000
4435 -6.0000000000
4536 -5.0000000000
4627 -4.0000000000
4808 -3.0000000000
4858 -2.0000000000
4966 -1.0000000000
5048 360.0000000000
5071 380.0000000000
5300 385.0000000000
5398 394.0000000000
5441 397.0000000000
5588 401.0000000000
5785 406.0000000000
6245 408.0000000000
6588 414.0000000000
6676 416.0000000000
7004 420.0000000000
7230 422.0000000000
9424 423.0000000000
9606 424.0000000000
9683 426.0000000000
11271 427.0000000000
27619 428.0000000000
28146 430.0000000000
31458 431.0000000000
53768 432.0000000000
89118 434.0000000000
99980 -1.0000000000
evaluations raw_y
1 -221.0000000000
2 -210.0000000000
12 -194.0000000000
15 -192.0000000000
25 -187.0000000000
66 -184.0000000000
109 -182.0000000000
125 -180.0000000000
128 -178.0000000000
141 -177.0000000000
151 -171.0000000000
175 -170.0000000000
184 -169.0000000000
191 -168.0000000000
222 -167.0000000000
223 -165.0000000000
234 -161.0000000000
263 -159.0000000000
277 -157.0000000000
324 -155.0000000000
340 -153.0000000000
357 -146.0000000000
385 -145.0000000000
423 -144.0000000000
426 -143.0000000000
476 -142.0000000000
497 -138.0000000000
522 -133.0000000000
548 -131.0000000000
614 -130.0000000000
642 -128.0000000000
670 -127.0000000000
707 -125.0000000000
743 -124.0000000000
776 -123.0000000000
796 -122.0000000000
830 -120.0000000000
858 -118.0000000000
869 -116.0000000000
905 -114.0000000000
943 -113.0000000000
969 -111.0000000000
1046 -108.0000000000
1106 -107.0000000000
1145 -106.0000000000
1164 -105.0000000000
1186 -104.0000000000
1230 -100.0000000000
1269 -99.0000000000
1305 -98.0000000000
1331 -96.0000000000
1397 -95.0000000000
1430 -94.0000000000
1432 -93.0000000000
1462 -92.0000000000
1507 -91.0000000000
1511 -90.0000000000
1538 -89.0000000000
1544 -88.0000000000
1597 -87.0000000000
1623 -86.0000000000
1644 -85.0000000000
1662 -84.0000000000
1702 -83.0000000000
1732 -82.0000000000
1752 -81.0000000000
1781 -79.0000000000
1832 -77.0000000000
1838 -76.0000000000
1878 -74.0000000000
1920 -73.0000000000
1975 -72.0000000000
1987 -71.0000000000
2004 -70.0000000000
2021 -69.0000000000
2061 -68.0000000000
2063 -67.0000000000
2104 -66.0000000000
2127 -65.0000000000
2152 -63.0000000000
2190 -62.0000000000
2226 -61.0000000000
2235 -60.0000000000
2268 -59.0000000000
2284 -58.0000000000
2309 -57.0000000000
2312 -56.0000000000
2336 -55.0000000000
2371 -54.0000000000
2374 -53.0000000000
2410 -52.0000000000
2428 -51.0000000000
2435 -50.0000000000
2471 -49.0000000000
2521 -47.0000000000
2543 -46.0000000000
2594 -43.0000000000
2630 -42.0000000000
2702 -39.0000000000
2762 -36.0000000000
2870 -35.0000000000
2881 -34.0000000000
2925 -33.0000000000
2950 -32.0000000000
2971 -31.0000000000
3009 -30.0000000000
3074 -29.0000000000
3142 -28.0000000000
3150 -27.0000000000
3249 -26.0000000000
3306 -25.0000000000
3345 -24.0000000000
3390 -23.0000000000
3507 -22.0000000000
3523 -21.0000000000
3570 -20.0000000000
3583 -19.0000000000
3644 -17.0000000000
3702 -16.0000000000
3774 -15.0000000000
3789 -14.0000000000
3860 -13.0000000000
3919 -12.0000000000
4000 -11.0000000000
4073 -10.0000000000
4109 -9.0000000000
4145 -8.0000000000
4223 -7.0000000000
4286 -5.0000000000
4403 -4.0000000000
4478 -3.0000000000
4574 -2.0000000000
4658 -1.0000000000
4745 373.0000000000
4851 385.0000000000
5006 388.0000000000
5174 389.0000000000
5218 392.0000000000
5259 393.0000000000
5269 396.0000000000
5300 398.0000000000
5377 403.0000000000
5385 410.0000000000
5423 411.0000000000
5504 412.0000000000
5554 418.0000000000
8082 419.0000000000
8119 422.0000000000
8246 423.0000000000
8316 426.0000000000
15557 429.0000000000
18563 430.0000000000
31674 431.0000000000
53075 433.0000000000
58800 435.0000000000
74151 436.0000000000
99980 -2.0000000000
evaluations raw_y
1 -217.0000000000
3 -207.0000000000
20 -205.0000000000
26 -199.0000000000
56 -197.0000000000
62 -189.0000000000
78 -183.0000000000
105 -181.0000000000
142 -180.0000000000
144 -178.0000000000
149 -166.0000000000
181 -165.0000000000
204 -161.0000000000
229 -160.0000000000
249 -157.0000000000
269 -154.0000000000
304 -151.0000000000
307 -146.0000000000
353 -142.0000000000
396 -140.0000000000
402 -138.0000000000
411 -137.0000000000
422 -132.0000000000
481 -125.0000000000
543 -123.0000000000
582 -121.0000000000
610 -120.0000000000
621 -119.0000000000
627 -116.0000000000
672 -114.0000000000
706 -113.0000000000
709 -112.0000000000
744 -110.0000000000
770 -109.0000000000
796 -108.0000000000
821 -107.0000000000
834 -106.0000000000
869 -104.0000000000
914 -103.0000000000
953 -102.0000000000
961 -101.0000000000
982 -100.0000000000
1002 -99.0000000000
1007 -98.0000000000
1026 -97.0000000000
1038 -96.0000000000
1068 -95.0000000000
1078 -92.0000000000
1182 -91.0000000000
1209 -90.0000000000
1228 -89.0000000000
1248 -88.0000000000
1268 -87.0000000000
1320 -86.0000000000
1349 -85.0000000000
1382 -83.0000000000
1423 -82.0000000000
1430 -79.0000000000
1504 -78.0000000000
1547 -77.0000000000
1550 -75.0000000000
1589 -74.0000000000
1625 -73.0000000000
1632 -71.0000000000
1677 -69.0000000000
1703 -66.0000000000
1721 -64.0000000000
1789 -63.0000000000
1867 -61.0000000000
1922 -60.0000000000
1936 -59.0000000000
1985 -58.0000000000
1999 -57.0000000000
2062 -56.0000000000
2092 -55.0000000000
2101 -54.0000000000
2111 -53.0000000000
2145 -52.0000000000
2229 -51.0000000000
2252 -50.0000000000
2306 -48.0000000000
2359 -47.0000000000
2384 -45.0000000000
2431 -43.0000000000
2434 -42.0000000000
2501 -41.0000000000
2549 -39.0000000000
2609 -38.0000000000
2630 -36.0000000000
2661 -35.0000000000
2721 -34.0000000000
2787 -32.0000000000
2838 -31.0000000000
2850 -29.0000000000
2915 -28.0000000000
2918 -27.0000000000
2944 -26.0000000000
2982 -25.0000000000
3024 -24.0000000000
3096 -23.0000000000
3120 -22.0000000000
3151 -21.0000000000
3185 -20.0000000000
3233 -19.0000000000
3296 -18.0000000000
3364 -17.0000000000
3388 -16.0000000000
3429 -14.0000000000
3533 -13.0000000000
3546 -12.0000000000
3615 -11.0000000000
3676 -10.0000000000
3746 -9.0000000000
3804 -8.0000000000
3914 -7.0000000000
4039 -6.0000000000
4111 -5.0000000000
4119 -4.0000000000
4158 -3.0000000000
4208 -2.0000000000
4288 -1.0000000000
4300 369.0000000000
4312 377.0000000000
4342 391.0000000000
4374 398.0000000000
4455 404.0000000000
4515 405.0000000000
4567 408.0000000000
4592 410.0000000000
4655 412.0000000000
4749 415.0000000000
4870 417.0000000000
5605 419.0000000000
8031 420.0000000000
9913 422.0000000000
13804 423.0000000000
19636 426.0000000000
19742 428.0000000000
29825 429.0000000000
39405 430.0000000000
39462 431.0000000000
39517 433.0000000000
44979 434.0000000000
45255 436.0000000000
67357 437.0000000000
99980 427.0000000000
evaluations raw_y
1 -219.0000000000
2 -215.0000000000
3 -194.0000000000
25 -192.0000000000
35 -186.0000000000
66 -181.0000000000
102 -180.0000000000
104 -179.0000000000
105 -178.0000000000
110 -170.0000000000
141 -164.0000000000
181 -157.0000000000
189 -154.0000000000
247 -149.0000000000
251 -148.0000000000
265 -145.0000000000
267 -142.0000000000
302 -141.0000000000
343 -140.0000000000
358 -139.0000000000
382 -137.0000000000
392 -135.0000000000
431 -131.0000000000
468 -128.0000000000
513 -126.0000000000
544 -124.0000000000
600 -122.0000000000
625 -121.0000000000
658 -119.0000000000
662 -118.0000000000
665 -117.0000000000
708 -111.0000000000
766 -110.0000000000
797 -107.0000000000
872 -106.0000000000
909 -105.0000000000
946 -103.0000000000
982 -100.0000000000
1067 -99.0000000000
1089 -98.0000000000
1119 -97.0000000000
1144 -95.0000000000
1187 -93.0000000000
1192 -91.0000000000
1273 -90.0000000000
1283 -89.0000000000
1294 -88.0000000000
1314 -87.0000000000
1348 -86.0000000000
1354 -85.0000000000
1387 -84.0000000000
1421 -82.0000000000
1437 -81.0000000000
1505 -78.0000000000
1564 -76.0000000000
1595 -74.0000000000
1606 -73.0000000000
1668 -72.0000000000
1703 -71.0000000000
1754 -69.0000000000
1785 -68.0000000000
1820 -67.0000000000
1830 -66.0000000000
1887 -65.0000000000
1903 -63.0000000000
1942 -61.0000000000
1984 -60.0000000000
1996 -59.0000000000
2021 -57.0000000000
2076 -56.0000000000
2106 -55.0000000000
2150 -54.0000000000
2190 -53.0000000000
2238 -51.0000000000
2347 -50.0000000000
2359 -49.0000000000
2393 -48.0000000000
2437 -47.0000000000
2501 -46.0000000000
2574 -45.0000000000
2661 -44.0000000000
2701 -43.0000000000
2727 -42.0000000000
2764 -41.0000000000
2767 -40.0000000000
2795 -39.0000000000
2874 -38.0000000000
2926 -37.0000000000
2941 -36.0000000000
2969 -35.0000000000
3036 -34.0000000000
3067 -33.0000000000
3085 -32.0000000000
3109 -31.0000000000
3152 -28.0000000000
3216 -26.0000000000
3277 -25.0000000000
3289 -24.0000000000
3312 -23.0000000000
3344 -22.0000000000
3405 -21.0000000000
3431 -20.0000000000
3501 -17.0000000000
3618 -16.0000000000
3653 -15.0000000000
3684 -14.0000000000
3701 -13.0000000000
3780 -12.0000000000
3838 -11.0000000000
3881 -10.0000000000
3958 -9.0000000000
4084 -8.0000000000
4119 -7.0000000000
4143 -6.0000000000
4285 -5.0000000000
4323 -4.0000000000
4421 -3.0000000000
4534 -2.0000000000
4607 -1.0000000000
4654 387.0000000000
4946 395.0000000000
5161 396.0000000000
5210 400.0000000000
5230 401.0000000000
5330 404.0000000000
6077 409.0000000000
6196 413.0000000000
6290 415.0000000000
6408 420.0000000000
10556 421.0000000000
10976 425.0000000000
15308 426.0000000000
19051 429.0000000000
43908 430.0000000000
63759 431.0000000000
71496 432.0000000000
80150 433.0000000000
99980 433.0000000000
evaluations raw_y
1 -226.0000000000
2 -219.0000000000
4 -209.0000000000
5 -206.0000000000
12 -203.0000000000
13 -188.0000000000
27 -186.0000000000
32 -172.0000000000
102 -169.0000000000
132 -159.0000000000
149 -155.0000000000
199 -153.0000000000
235 -152.0000000000
255 -149.0000000000
264 -146.0000000000
303 -145.0000000000
328 -138.0000000000
393 -136.0000000000
399 -135.0000000000
407 -133.0000000000
445 -132.0000000000
477 -130.0000000000
489 -129.0000000000
512 -126.0000000000
515 -124.0000000000
579 -123.0000000000
583 -122.0000000000
613 -121.0000000000
624 -120.0000000000
664 -119.0000000000
674 -117.0000000000
707 -113.0000000000
749 -112.0000000000
787 -110.0000000000
800 -108.0000000000
829 -107.0000000000
863 -106.0000000000
903 -105.0000000000
927 -103.0000000000
944 -100.0000000000
998 -98.0000000000
1022 -97.0000000000
1070 -95.0000000000
1094 -94.0000000000
1125 -93.0000000000
1153 -92.0000000000
1168 -91.0000000000
1190 -90.0000000000
1197 -88.0000000000
1257 -86.0000000000
1304 -84.0000000000
1308 -83.0000000000
1342 -81.0000000000
1382 -80.0000000000
1411 -79.0000000000
1444 -78.0000000000
1464 -76.0000000000
1507 -74.0000000000
1556 -73.0000000000
1587 -71.0000000000
1600 -70.0000000000
1668 -69.0000000000
1703 -67.0000000000
1743 -65.0000000000
1803 -64.0000000000
1830 -63.0000000000
1864 -61.0000000000
1871 -60.0000000000
1904 -59.0000000000
1941 -58.0000000000
1988 -54.0000000000
2075 -51.0000000000
2106 -50.0000000000
2141 -47.0000000000
2227 -46.0000000000
2277 -44.0000000000
2282 -43.0000000000
2317 -41.0000000000
2358 -40.0000000000
2378 -39.0000000000
2389 -38.0000000000
2391 -37.0000000000
2422 -35.0000000000
2462 -34.0000000000
2501 -33.0000000000
2557 -32.0000000000
2582 -28.0000000000
2711 -26.0000000000
2782 -24.0000000000
2874 -23.0000000000
2903 -22.0000000000
2959 -21.0000000000
3006 -20.0000000000
3024 -19.0000000000
3069 -18.0000000000
3155 -17.0000000000
3194 -15.0000000000
3232 -14.0000000000
3391 -13.0000000000
3504 -12.0000000000
3529 -11.0000000000
3581 -10.0000000000
3592 -9.0000000000
3809 -8.0000000000
3968 -7.0000000000
4016 -6.0000000000
4137 -5.0000000000
4176 -4.0000000000
4204 -3.0000000000
4320 -2.0000000000
4427 -1.0000000000
4508 377.0000000000
4535 383.0000000000
4683 389.0000000000
5424 394.0000000000
5590 397.0000000000
5943 398.0000000000
6270 400.0000000000
6333 401.0000000000
6521 403.0000000000
6528 404.0000000000
6544 406.0000000000
6588 408.0000000000
6688 410.0000000000
7868 411.0000000000
8120 413.0000000000
8666 417.0000000000
8897 418.0000000000
8902 419.0000000000
11193 423.0000000000
11319 425.0000000000
11694 426.0000000000
49600 427.0000000000
51091 429.0000000000
51788 435.0000000000
65636 436.0000000000
93968 437.0000000000
99980 437.0000000000
evaluations raw_y
1 -198.0000000000
7 -187.0000000000
25 -183.0000000000
61 -182.0000000000
70 -172.0000000000
102 -169.0000000000
120 -167.0000000000
144 -162.0000000000
148 -158.0000000000
181 -148.0000000000
223 -145.0000000000
256 -143.0000000000
287 -142.0000000000
291 -141.0000000000
301 -140.0000000000
316 -139.0000000000
321 -136.0000000000
340 -131.0000000000
342 -130.0000000000
375 -127.0000000000
412 -126.0000000000
437 -123.0000000000
465 -118.0000000000
508 -117.0000000000
551 -116.0000000000
558 -115.0000000000
590 -114.0000000000
596 -113.0000000000
603 -112.0000000000
614 -111.0000000000
617 -110.0000000000
622 -108.0000000000
661 -107.0000000000
684 -106.0000000000
705 -104.0000000000
734 -103.0000000000
743 -101.0000000000
790 -99.0000000000
806 -98.0000000000
832 -96.0000000000
896 -95.0000000000
907 -94.0000000000
916 -92.0000000000
958 -91.0000000000
978 -90.0000000000
1002 -89.0000000000
1037 -88.0000000000
1062 -85.0000000000
1125 -84.0000000000
1141 -83.0000000000
1189 -82.0000000000
1193 -81.0000000000
1218 -80.0000000000
1234 -79.0000000000
1275 -78.0000000000
1315 -76.0000000000
1354 -72.0000000000
1398 -70.0000000000
1502 -69.0000000000
1545 -68.0000000000
1584 -67.0000000000
1593 -66.0000000000
1632 -65.0000000000
1658 -64.0000000000
1699 -62.0000000000
1742 -60.0000000000
1745 -59.0000000000
1803 -58.0000000000
1814 -57.0000000000
1860 -56.0000000000
1888 -55.0000000000
1923 -53.0000000000
2041 -52.0000000000
2086 -50.0000000000
2158 -49.0000000000
2189 -47.0000000000
2275 -45.0000000000
2350 -44.0000000000
2418 -41.0000000000
2424 -40.0000000000
2539 -38.0000000000
2639 -37.0000000000
2682 -35.0000000000
2706 -34.0000000000
2754 -33.0000000000
2801 -31.0000000000
2909 -30.0000000000
2927 -29.0000000000
2950 -28.0000000000
2957 -27.0000000000
3001 -25.0000000000
3079 -24.0000000000
3165 -23.0000000000
3176 -22.0000000000
3237 -21.0000000000
3261 -20.0000000000
3302 -19.0000000000
3356 -18.0000000000
3446 -17.0000000000
3465 -16.0000000000
3523 -15.0000000000
3595 -14.0000000000
3634 -13.0000000000
3696 -12.0000000000
3714 -10.0000000000
3766 -9.0000000000
3847 -8.0000000000
3947 -7.0000000000
4023 -6.0000000000
4073 -5.0000000000
4104 -4.0000000000
4164 -3.0000000000
4234 -2.0000000000
4303 -1.0000000000
4406 391.0000000000
4462 392.0000000000
4485 403.0000000000
4685 404.0000000000
5056 406.0000000000
5127 410.0000000000
5289 411.0000000000
7037 415.0000000000
7154 418.0000000000
7773 419.0000000000
11421 420.0000000000
14353 423.0000000000
19211 427.0000000000
27416 429.0000000000
78302 430.0000000000
94266 431.0000000000
94376 432.0000000000
99980 -1.0000000000
evaluations raw_y
1 -211.0000000000
2 -209.0000000000
3 -203.0000000000
7 -202.0000000000
9 -196.0000000000
38 -193.0000000000
50 -192.0000000000
70 -182.0000000000
111 -176.0000000000
144 -175.0000000000
168 -173.0000000000
185 -168.0000000000
198 -163.0000000000
235 -162.0000000000
268 -161.0000000000
270 -159.0000000000
275 -158.0000000000
283 -156.0000000000
287 -152.0000000000
320 -149.0000000000
346 -145.0000000000
401 -144.0000000000
403 -141.0000000000
422 -135.0000000000
465 -130.0000000000
511 -127.0000000000
513 -125.0000000000
544 -123.0000000000
601 -120.0000000000
612 -119.0000000000
621 -118.0000000000
668 -116.0000000000
713 -114.0000000000
732 -112.0000000000
746 -111.0000000000
758 -110.0000000000
808 -108.0000000000
822 -104.0000000000
844 -103.0000000000
930 -100.0000000000
953 -99.0000000000
1036 -98.0000000000
1038 -97.0000000000
1045 -95.0000000000
1067 -94.0000000000
1147 -93.0000000000
1179 -92.0000000000
1195 -91.0000000000
1225 -88.0000000000
1274 -86.0000000000
1304 -83.0000000000
1377 -82.0000000000
1388 -79.0000000000
1406 -78.0000000000
1462 -73.0000000000
1523 -72.0000000000
1534 -71.0000000000
1543 -70.0000000000
1624 -68.0000000000
1679 -67.0000000000
1759 -66.0000000000
1765 -65.0000000000
1780 -63.0000000000
1821 -62.0000000000
1855 -61.0000000000
1874 -59.0000000000
1939 -58.0000000000
1976 -57.0000000000
2014 -56.0000000000
2059 -55.0000000000
2116 -54.0000000000
2152 -53.0000000000
2206 -52.0000000000
2210 -51.0000000000
2226 -49.0000000000
2269 -48.0000000000
2318 -47.0000000000
2345 -46.0000000000
2366 -44.0000000000
2388 -43.0000000000
2428 -42.0000000000
2441 -41.0000000000
2504 -40.0000000000
2544 -39.0000000000
2585 -38.0000000000
2639 -36.0000000000
2657 -35.0000000000
2776 -34.0000000000
2807 -33.0000000000
2810 -32.0000000000
2874 -31.0000000000
2884 -30.0000000000
2940 -28.0000000000
2958 -27.0000000000
3010 -26.0000000000
3054 -25.0000000000
3104 -24.0000000000
3148 -23.0000000000
3216 -22.0000000000
3222 -21.0000000000
3319 -20.0000000000
3325 -19.0000000000
3411 -18.0000000000
3505 -17.0000000000
3564 -16.0000000000
3622 -15.0000000000
3668 -14.0000000000
3725 -13.0000000000
3764 -12.0000000000
3886 -11.0000000000
3898 -10.0000000000
3901 -9.0000000000
4084 -8.0000000000
4154 -7.0000000000
4233 -6.0000000000
4383 -5.0000000000
4405 -4.0000000000
4502 -3.0000000000
4510 -2.0000000000
4594 -1.0000000000
4728 400.0000000000
4874 401.0000000000
4946 403.0000000000
5084 406.0000000000
5523 411.0000000000
5677 416.0000000000
6298 422.0000000000
6893 431.0000000000
15272 433.0000000000
59976 434.0000000000
80380 437.0000000000
99980 437.0000000000
evaluations raw_y
1 -206.0000000000
7 -192.0000000000
61 -189.0000000000
66 -185.0000000000
101 -183.0000000000
111 -181.0000000000
143 -172.0000000000
193 -170.0000000000
250 -169.0000000000
256 -166.0000000000
290 -164.0000000000
303 -161.0000000000
340 -158.0000000000
346 -156.0000000000
380 -154.0000000000
381 -149.0000000000
403 -148.0000000000
436 -145.0000000000
466 -138.0000000000
544 -136.0000000000
545 -129.0000000000
598 -128.0000000000
624 -126.0000000000
650 -125.0000000000
697 -123.0000000000
718 -120.0000000000
809 -119.0000000000
812 -118.0000000000
821 -117.0000000000
823 -115.0000000000
882 -114.0000000000
905 -110.0000000000
950 -107.0000000000
1001 -106.0000000000
1034 -105.0000000000
1038 -103.0000000000
1091 -102.0000000000
1142 -100.0000000000
1183 -99.0000000000
1231 -98.0000000000
1261 -97.0000000000
1264 -94.0000000000
1311 -93.0000000000
1314 -92.0000000000
1363 -89.0000000000
1427 -88.0000000000
1448 -87.0000000000
1479 -86.0000000000
1501 -85.0000000000
1555 -83.0000000000
1622 -82.0000000000
1627 -79.0000000000
1666 -78.0000000000
1704 -77.0000000000
1708 -76.0000000000
1711 -75.0000000000
1759 -74.0000000000
1766 -73.0000000000
1802 -72.0000000000
1832 -70.0000000000
1853 -69.0000000000
1915 -68.0000000000
1919 -64.0000000000
1954 -63.0000000000
2022 -61.0000000000
2067 -59.0000000000
2106 -58.0000000000
2157 -56.0000000000
2223 -54.0000000000
2264 -52.0000000000
2313 -50.0000000000
2371 -49.0000000000
2413 -48.0000000000
2428 -47.0000000000
2487 -46.0000000000
2502 -43.0000000000
2588 -42.0000000000
2609 -41.0000000000
2665 -40.0000000000
2710 -39.0000000000
2714 -38.0000000000
2744 -37.0000000000
2831 -34.0000000000
2934 -32.0000000000
2956 -31.0000000000
3022 -30.0000000000
3043 -29.0000000000
3064 -28.0000000000
3115 -27.0000000000
3145 -26.0000000000
3213 -25.0000000000
3226 -24.0000000000
3242 -23.0000000000
3266 -21.0000000000
3395 -20.0000000000
3471 -19.0000000000
3512 -18.0000000000
3589 -17.0000000000
3636 -15.0000000000
3676 -14.0000000000
3812 -13.0000000000
3849 -12.0000000000
3918 -11.0000000000
3947 -10.0000000000
4033 -9.0000000000
4081 -8.0000000000
4139 -7.0000000000
4160 -6.0000000000
4164 -5.0000000000
4319 -4.0000000000
4368 -3.0000000000
4470 -2.0000000000
4533 -1.0000000000
4645 401.0000000000
4770 403.0000000000
4995 404.0000000000
5028 406.0000000000
5215 414.0000000000
5985 415.0000000000
6198 417.0000000000
6251 418.0000000000
6713 421.0000000000
8404 422.0000000000
9818 423.0000000000
10032 424.0000000000
10070 426.0000000000
10279 427.0000000000
12844 429.0000000000
14092 431.0000000000
25724 432.0000000000
30952 433.0000000000
36679 434.0000000000
43711 435.0000000000
56890 436.0000000000
59269 437.0000000000
67966 438.0000000000
70541 439.0000000000
99980 431.0000000000
evaluations raw_y
1 -240.0000000000
2 -214.0000000000
3 -212.0000000000
7 -211.0000000000
9 -210.0000000000
15 -191.0000000000
72 -190.0000000000
75 -184.0000000000
109 -179.0000000000
117 -178.0000000000
123 -174.0000000000
141 -173.0000000000
167 -168.0000000000
189 -167.0000000000
207 -166.0000000000
224 -161.0000000000
245 -160.0000000000
298 -159.0000000000
303 -158.0000000000
309 -149.0000000000
365 -148.0000000000
385 -142.0000000000
423 -140.0000000000
461 -138.0000000000
490 -135.0000000000
506 -134.0000000000
542 -131.0000000000
545 -129.0000000000
582 -128.0000000000
583 -127.0000000000
627 -124.0000000000
630 -123.0000000000
666 -122.0000000000
693 -121.0000000000
702 -120.0000000000
703 -119.0000000000
722 -118.0000000000
766 -115.0000000000
823 -114.0000000000
840 -112.0000000000
865 -111.0000000000
874 -110.0000000000
902 -109.0000000000
904 -108.0000000000
941 -106.0000000000
989 -105.0000000000
994 -104.0000000000
1050 -102.0000000000
1106 -101.0000000000
1117 -100.0000000000
1127 -99.0000000000
1169 -98.0000000000
1185 -97.0000000000
1200 -96.0000000000
1209 -95.0000000000
1235 -91.0000000000
1283 -90.0000000000
1320 -89.0000000000
1342 -88.0000000000
1371 -87.0000000000
1386 -86.0000000000
1407 -85.0000000000
1427 -84.0000000000
1444 -82.0000000000
1485 -81.0000000000
1509 -80.0000000000
1542 -79.0000000000
1590 -78.0000000000
1627 -77.0000000000
1643 -75.0000000000
1680 -73.0000000000
1726 -72.0000000000
1739 -71.0000000000
1771 -70.0000000000
1786 -68.0000000000
1891 -67.0000000000
1912 -64.0000000000
1989 -63.0000000000
2046 -62.0000000000
2062 -61.0000000000
2094 -60.0000000000
2142 -59.0000000000
2171 -58.0000000000
2204 -56.0000000000
2227 -54.0000000000
2274 -53.0000000000
2317 -52.0000000000
2348 -51.0000000000
2383 -50.0000000000
2449 -48.0000000000
2511 -47.0000000000
2554 -46.0000000000
2586 -45.0000000000
2634 -44.0000000000
2671 -42.0000000000
2764 -41.0000000000
2793 -40.0000000000
2834 -39.0000000000
2846 -38.0000000000
2869 -36.0000000000
2931 -34.0000000000
2986 -33.0000000000
3039 -31.0000000000
3073 -30.0000000000
3089 -29.0000000000
3181 -28.0000000000
3227 -27.0000000000
3236 -26.0000000000
3351 -25.0000000000
3372 -24.0000000000
3397 -23.0000000000
3425 -22.0000000000
3462 -21.0000000000
3545 -20.0000000000
3575 -18.0000000000
3594 -17.0000000000
3673 -15.0000000000
3714 -13.0000000000
3851 -12.0000000000
3900 -11.0000000000
3997 -10.0000000000
4057 -9.0000000000
4073 -8.0000000000
4120 -7.0000000000
4230 -6.0000000000
4321 -5.0000000000
4341 -4.0000000000
4404 -3.0000000000
4478 -2.0000000000
4552 -1.0000000000
4721 382.0000000000
4828 387.0000000000
4963 388.0000000000
5140 390.0000000000
5184 394.0000000000
5276 395.0000000000
5288 397.0000000000
5371 398.0000000000
5405 400.0000000000
5619 401.0000000000
6217 405.0000000000
6259 406.0000000000
6945 410.0000000000
7403 411.0000000000
7921 416.0000000000
7950 417.0000000000
8715 420.0000000000
11957 421.0000000000
14050 424.0000000000
14195 427.0000000000
21016 428.0000000000
25711 430.0000000000
57061 432.0000000000
99980 -1.0000000000
evaluations raw_y
1 -227.0000000000
2 -200.0000000000
32 -196.0000000000
36 -193.0000000000
47 -190.0000000000
70 -187.0000000000
97 -178.0000000000
112 -177.0000000000
117 -173.0000000000
156 -167.0000000000
166 -166.0000000000
183 -164.0000000000
188 -157.0000000000
228 -156.0000000000
247 -153.0000000000
251 -148.0000000000
264 -144.0000000000
308 -141.0000000000
338 -138.0000000000
351 -137.0000000000
361 -135.0000000000
366 -134.0000000000
381 -131.0000000000
412 -130.0000000000
421 -125.0000000000
464 -123.0000000000
479 -122.0000000000
490 -120.0000000000
540 -119.0000000000
543 -116.0000000000
582 -115.0000000000
584 -114.0000000000
622 -112.0000000000
642 -111.0000000000
667 -109.0000000000
675 -108.0000000000
712 -106.0000000000
732 -105.0000000000
741 -104.0000000000
783 -100.0000000000
822 -97.0000000000
852 -95.0000000000
894 -94.0000000000
902 -93.0000000000
948 -91.0000000000
960 -90.0000000000
1008 -89.0000000000
1029 -88.0000000000
1046 -87.0000000000
1080 -86.0000000000
1125 -85.0000000000
1144 -83.0000000000
1188 -81.0000000000
1221 -79.0000000000
1250 -77.0000000000
1308 -76.0000000000
1345 -75.0000000000
1366 -74.0000000000
1383 -71.0000000000
1435 -70.0000000000
1476 -69.0000000000
1517 -67.0000000000
1550 -66.0000000000
1567 -65.0000000000
1581 -64.0000000000
1624 -62.0000000000
1661 -61.0000000000
1675 -59.0000000000
1723 -58.0000000000
1747 -57.0000000000
1776 -54.0000000000
1831 -53.0000000000
1861 -50.0000000000
1945 -49.0000000000
1995 -47.0000000000
2049 -46.0000000000
2051 -45.0000000000
2079 -44.0000000000
2101 -43.0000000000
2150 -41.0000000000
2184 -40.0000000000
2236 -39.0000000000
2303 -37.0000000000
2341 -36.0000000000
2402 -35.0000000000
2428 -33.0000000000
2519 -32.0000000000
2560 -31.0000000000
2585 -30.0000000000
2604 -28.0000000000
2723 -26.0000000000
2768 -25.0000000000
2839 -22.0000000000
2941 -21.0000000000
2998 -19.0000000000
3038 -18.0000000000
3135 -17.0000000000
3211 -16.0000000000
3308 -14.0000000000
3342 -12.0000000000
3461 -11.0000000000
3536 -10.0000000000
3581 -9.0000000000
3628 -8.0000000000
3655 -7.0000000000
3711 -5.0000000000
3755 -4.0000000000
3782 -3.0000000000
3848 -2.0000000000
3904 -1.0000000000
3955 372.0000000000
4133 377.0000000000
4280 379.0000000000
4298 388.0000000000
4356 391.0000000000
4378 393.0000000000
4393 395.0000000000
4476 401.0000000000
4592 403.0000000000
4875 405.0000000000
4920 410.0000000000
5123 419.0000000000
5301 420.0000000000
5401 422.0000000000
5494 427.0000000000
5968 431.0000000000
8236 432.0000000000
18200 433.0000000000
28079 434.0000000000
99980 -1.0000000000
evaluations raw_y
1 -227.0000000000
2 -207.0000000000
8 -206.0000000000
22 -200.0000000000
50 -196.0000000000
62 -195.0000000000
69 -193.0000000000
71 -186.0000000000
114 -185.0000000000
119 -182.0000000000
128 -179.0000000000
143 -178.0000000000
158 -176.0000000000
181 -174.0000000000
184 -171.0000000000
186 -167.0000000000
210 -165.0000000000
221 -164.0000000000
225 -163.0000000000
238 -158.0000000000
261 -156.0000000000
263 -155.0000000000
274 -149.0000000000
302 -145.0000000000
318 -144.0000000000
344 -141.0000000000
382 -140.0000000000
383 -138.0000000000
405 -136.0000000000
430 -132.0000000000
469 -131.0000000000
473 -127.0000000000
501 -126.0000000000
509 -124.0000000000
517 -123.0000000000
544 -122.0000000000
555 -121.0000000000
567 -117.0000000000
588 -114.0000000000
630 -113.0000000000
661 -109.0000000000
708 -108.0000000000
744 -106.0000000000
748 -103.0000000000
805 -102.0000000000
835 -101.0000000000
841 -100.0000000000
862 -99.0000000000
876 -98.0000000000
899 -97.0000000000
914 -96.0000000000
916 -95.0000000000
947 -94.0000000000
956 -93.0000000000
983 -92.0000000000
1026 -90.0000000000
1047 -89.0000000000
1072 -87.0000000000
1124 -86.0000000000
1137 -83.0000000000
1144 -82.0000000000
1184 -81.0000000000
1234 -78.0000000000
1261 -77.0000000000
1302 -73.0000000000
1357 -72.0000000000
1384 -70.0000000000
1430 -69.0000000000
1474 -67.0000000000
1504 -66.0000000000
1554 -65.0000000000
1565 -64.0000000000
1600 -62.0000000000
1670 -61.0000000000
1702 -60.0000000000
1750 -58.0000000000
1768 -57.0000000000
1784 -56.0000000000
1833 -54.0000000000
1926 -53.0000000000
1985 -51.0000000000
2035 -50.0000000000
2062 -49.0000000000
2117 -48.0000000000
2142 -47.0000000000
2167 -46.0000000000
2189 -44.0000000000
2231 -43.0000000000
2263 -42.0000000000
2335 -41.0000000000
2352 -40.0000000000
2404 -39.0000000000
2425 -37.0000000000
2529 -36.0000000000
2561 -35.0000000000
2589 -34.0000000000
2621 -33.0000000000
2673 -32.0000000000
2686 -31.0000000000
2738 -30.0000000000
2795 -28.0000000000
2845 -27.0000000000
2907 -26.0000000000
2968 -25.0000000000
3075 -24.0000000000
3129 -23.0000000000
3182 -22.0000000000
3272 -21.0000000000
3306 -20.0000000000
3310 -19.0000000000
3385 -18.0000000000
3415 -17.0000000000
3450 -16.0000000000
3456 -15.0000000000
3517 -14.0000000000
3546 -13.0000000000
3603 -12.0000000000
3711 -11.0000000000
3775 -10.0000000000
3834 -9.0000000000
3897 -8.0000000000
3927 -7.0000000000
3991 -6.0000000000
4034 -5.0000000000
4068 -4.0000000000
4136 -3.0000000000
4473 -2.0000000000
4550 -1.0000000000
4629 392.0000000000
4643 396.0000000000
4753 400.0000000000
4761 403.0000000000
4896 407.0000000000
5027 409.0000000000
5105 413.0000000000
5812 414.0000000000
6686 417.0000000000
6937 420.0000000000
7023 426.0000000000
7213 429.0000000000
7752 431.0000000000
13350 433.0000000000
13677 435.0000000000
18439 438.0000000000
18611 440.0000000000
18628 442.0000000000
99980 -2.0000000000
evaluations raw_y
1 -204.0000000000
4 -192.0000000000
53 -187.0000000000
61 -185.0000000000
64 -181.0000000000
92 -180.0000000000
102 -179.0000000000
104 -175.0000000000
149 -169.0000000000
160 -152.0000000000
236 -151.0000000000
240 -150.0000000000
270 -146.0000000000
302 -145.0000000000
310 -142.0000000000
348 -140.0000000000
355 -138.0000000000
379 -135.0000000000
383 -132.0000000000
421 -131.0000000000
466 -130.0000000000
472 -129.0000000000
473 -127.0000000000
506 -126.0000000000
512 -125.0000000000
554 -124.0000000000
586 -121.0000000000
603 -117.0000000000
626 -116.0000000000
677 -115.0000000000
680 -114.0000000000
704 -112.0000000000
747 -110.0000000000
773 -109.0000000000
793 -108.0000000000
824 -107.0000000000
865 -106.0000000000
900 -105.0000000000
907 -104.0000000000
916 -102.0000000000
946 -100.0000000000
1023 -99.0000000000
1029 -98.0000000000
1081 -95.0000000000
1113 -94.0000000000
1120 -92.0000000000
1146 -91.0000000000
1176 -90.0000000000
1208 -89.0000000000
1280 -87.0000000000
1315 -86.0000000000
1361 -85.0000000000
1368 -84.0000000000
1424 -83.0000000000
1432 -80.0000000000
1478 -78.0000000000
1513 -77.0000000000
1556 -75.0000000000
1604 -74.0000000000
1606 -73.0000000000
1622 -72.0000000000
1691 -70.0000000000
1710 -69.0000000000
1756 -68.0000000000
1757 -67.0000000000
1792 -66.0000000000
1794 -65.0000000000
1810 -64.0000000000
1827 -62.0000000000
1863 -60.0000000000
1886 -58.0000000000
1929 -57.0000000000
1981 -55.0000000000
2015 -53.0000000000
2115 -51.0000000000
2142 -49.0000000000
2212 -48.0000000000
2223 -47.0000000000
2271 -46.0000000000
2305 -44.0000000000
2360 -43.0000000000
2364 -42.0000000000
2391 -40.0000000000
2442 -39.0000000000
2471 -38.0000000000
2503 -37.0000000000
2513 -36.0000000000
2634 -35.0000000000
2663 -34.0000000000
2694 -33.0000000000
2749 -32.0000000000
2757 -31.0000000000
2847 -30.0000000000
2920 -29.0000000000
2966 -28.0000000000
2982 -27.0000000000
3044 -26.0000000000
3075 -24.0000000000
3118 -23.0000000000
3128 -22.0000000000
3174 -20.0000000000
3252 -19.0000000000
3261 -18.0000000000
3324 -17.0000000000
3441 -16.0000000000
3524 -15.0000000000
3547 -14.0000000000
3634 -13.0000000000
3674 -12.0000000000
3718 -11.0000000000
3799 -10.0000000000
3823 -9.0000000000
3915 -8.0000000000
3948 -6.0000000000
3992 -5.0000000000
4063 -4.0000000000
4183 -3.0000000000
4380 -2.0000000000
4397 -1.0000000000
4463 392.0000000000
4616 398.0000000000
4743 400.0000000000
4914 409.0000000000
4999 414.0000000000
6569 416.0000000000
6710 417.0000000000
7051 418.0000000000
16616 421.0000000000
22519 424.0000000000
28262 426.0000000000
29513 427.0000000000
29647 428.0000000000
29688 430.0000000000
31938 433.0000000000
48869 434.0000000000
99980 434.0000000000
evaluations raw_y
1 -202.0000000000
2 -199.0000000000
14 -195.0000000000
45 -193.0000000000
62 -187.0000000000
66 -185.0000000000
96 -183.0000000000
103 -182.0000000000
118 -173.0000000000
127 -170.0000000000
187 -165.0000000000
220 -157.0000000000
223 -149.0000000000
275 -148.0000000000
289 -147.0000000000
301 -143.0000000000
320 -139.0000000000
349 -134.0000000000
386 -131.0000000000
422 -129.0000000000
434 -126.0000000000
468 -125.0000000000
505 -124.0000000000
511 -122.0000000000
532 -120.0000000000
542 -118.0000000000
546 -116.0000000000
558 -115.0000000000
581 -114.0000000000
602 -112.0000000000
622 -111.0000000000
623 -108.0000000000
665 -107.0000000000
673 -104.0000000000
702 -101.0000000000
751 -100.0000000000
769 -99.0000000000
786 -98.0000000000
810 -96.0000000000
838 -95.0000000000
870 -94.0000000000
871 -93.0000000000
909 -92.0000000000
942 -91.0000000000
960 -87.0000000000
1004 -86.0000000000
1033 -85.0000000000
1078 -84.0000000000
1105 -83.0000000000
1154 -82.0000000000
1162 -81.0000000000
1164 -80.0000000000
1188 -79.0000000000
1264 -78.0000000000
1310 -77.0000000000
1315 -75.0000000000
1359 -74.0000000000
1396 -73.0000000000
1439 -72.0000000000
1461 -71.0000000000
1466 -70.0000000000
1513 -68.0000000000
1558 -67.0000000000
1572 -66.0000000000
1582 -65.0000000000
1624 -64.0000000000
1635 -63.0000000000
1672 -62.0000000000
1707 -61.0000000000
1712 -59.0000000000
1744 -57.0000000000
1835 -56.0000000000
1889 -55.0000000000
1894 -54.0000000000
1911 -52.0000000000
1953 -51.0000000000
1990 -48.0000000000
2103 -46.0000000000
2162 -45.0000000000
2186 -44.0000000000
2222 -42.0000000000
2299 -40.0000000000
2325 -38.0000000000
2416 -37.0000000000
2429 -36.0000000000
2508 -35.0000000000
2530 -34.0000000000
2624 -33.0000000000
2665 -32.0000000000
2718 -31.0000000000
2771 -29.0000000000
2857 -28.0000000000
2903 -27.0000000000
2944 -26.0000000000
2989 -25.0000000000
3017 -24.0000000000
3070 -23.0000000000
3091 -22.0000000000
3102 -21.0000000000
3145 -20.0000000000
3233 -19.0000000000
3237 -18.0000000000
3384 -16.0000000000
3464 -13.0000000000
3554 -12.0000000000
3649 -11.0000000000
3701 -10.0000000000
3754 -9.0000000000
3795 -8.0000000000
3938 -6.0000000000
4054 -5.0000000000
4196 -4.0000000000
4335 -3.0000000000
4401 -2.0000000000
4594 -1.0000000000
4742 370.0000000000
4758 385.0000000000
4803 391.0000000000
4923 395.0000000000
4969 396.0000000000
5007 398.0000000000
5021 399.0000000000
5112 403.0000000000
5145 406.0000000000
5241 413.0000000000
5398 414.0000000000
5691 415.0000000000
5694 418.0000000000
5814 420.0000000000
6719 421.0000000000
6816 422.0000000000
8358 426.0000000000
10019 427.0000000000
14243 429.0000000000
24718 431.0000000000
28247 432.0000000000
35853 433.0000000000
48069 435.0000000000
56407 436.0000000000
99980 436.0000000000
evaluations raw_y
1 -208.0000000000
3 -204.0000000000
10 -200.0000000000
16 -198.0000000000
21 -187.0000000000
88 -180.0000000000
101 -179.0000000000
103 -176.0000000000
145 -175.0000000000
149 -173.0000000000
152 -164.0000000000
203 -163.0000000000
229 -157.0000000000
235 -156.0000000000
265 -155.0000000000
278 -150.0000000000
288 -142.0000000000
296 -140.0000000000
335 -134.0000000000
343 -132.0000000000
377 -131.0000000000
386 -129.0000000000
405 -127.0000000000
413 -126.0000000000
422 -124.0000000000
441 -123.0000000000
453 -121.0000000000
462 -118.0000000000
480 -116.0000000000
504 -115.0000000000
509 -113.0000000000
550 -112.0000000000
561 -111.0000000000
568 -108.0000000000
603 -106.0000000000
658 -104.0000000000
663 -102.0000000000
668 -100.0000000000
695 -99.0000000000
713 -97.0000000000
741 -96.0000000000
746 -94.0000000000
785 -93.0000000000
787 -92.0000000000
828 -91.0000000000
861 -90.0000000000
894 -89.0000000000
916 -88.0000000000
944 -87.0000000000
955 -86.0000000000
971 -85.0000000000
1006 -84.0000000000
1024 -83.0000000000
1040 -82.0000000000
1085 -81.0000000000
1092 -80.0000000000
1103 -78.0000000000
1157 -77.0000000000
1184 -76.0000000000
1235 -75.0000000000
1262 -74.0000000000
1271 -72.0000000000
1346 -70.0000000000
1387 -68.0000000000
1425 -67.0000000000
1502 -66.0000000000
1537 -65.0000000000
1548 -64.0000000000
1573 -63.0000000000
1606 -61.0000000000
1647 -60.0000000000
1661 -59.0000000000
1663 -58.0000000000
1738 -56.0000000000
1746 -55.0000000000
1783 -54.0000000000
1864 -52.0000000000
1899 -51.0000000000
1938 -50.0000000000
1944 -49.0000000000
1999 -48.0000000000
2067 -47.0000000000
2095 -46.0000000000
2112 -45.0000000000
2183 -44.0000000000
2228 -40.0000000000
2266 -39.0000000000
2341 -38.0000000000
2377 -37.0000000000
2444 -36.0000000000
2482 -35.0000000000
2549 -34.0000000000
2611 -33.0000000000
2678 -32.0000000000
2710 -31.0000000000
2756 -30.0000000000
2760 -29.0000000000
2785 -28.0000000000
2848 -27.0000000000
2905 -25.0000000000
2967 -24.0000000000
2989 -23.0000000000
2992 -22.0000000000
3066 -20.0000000000
3150 -19.0000000000
3154 -18.0000000000
3178 -17.0000000000
3202 -16.0000000000
3270 -15.0000000000
3380 -14.0000000000
3429 -13.0000000000
3451 -12.0000000000
3481 -11.0000000000
3515 -10.0000000000
3669 -9.0000000000
3725 -8.0000000000
3758 -7.0000000000
3786 -6.0000000000
3825 -5.0000000000
3874 -4.0000000000
3941 -2.0000000000
4000 -1.0000000000
4048 411.0000000000
4692 416.0000000000
4764 417.0000000000
4972 419.0000000000
4989 424.0000000000
5214 425.0000000000
5383 427.0000000000
11058 428.0000000000
11542 429.0000000000
11854 430.0000000000
12638 431.0000000000
18298 432.0000000000
18485 433.0000000000
26706 434.0000000000
26971 435.0000000000
32718 438.0000000000
53505 440.0000000000
99980 -2.0000000000
evaluations raw_y
1 -228.0000000000
2 -222.0000000000
3 -189.0000000000
30 -184.0000000000
34 -183.0000000000
46 -182.0000000000
63 -178.0000000000
90 -176.0000000000
94 -173.0000000000
101 -168.0000000000
141 -153.0000000000
181 -152.0000000000
185 -149.0000000000
221 -144.0000000000
256 -143.0000000000
258 -141.0000000000
261 -139.0000000000
268 -134.0000000000
309 -132.0000000000
326 -129.0000000000
356 -127.0000000000
385 -124.0000000000
395 -123.0000000000
427 -120.0000000000
464 -119.0000000000
476 -117.0000000000
488 -116.0000000000
533 -115.0000000000
535 -114.0000000000
556 -112.0000000000
589 -111.0000000000
594 -110.0000000000
601 -109.0000000000
621 -108.0000000000
639 -107.0000000000
652 -106.0000000000
665 -102.0000000000
698 -99.0000000000
780 -98.0000000000
807 -97.0000000000
815 -96.0000000000
823 -93.0000000000
886 -92.0000000000
910 -91.0000000000
955 -89.0000000000
993 -88.0000000000
1035 -87.0000000000
1070 -86.0000000000
1102 -85.0000000000
1130 -83.0000000000
1185 -76.0000000000
1273 -75.0000000000
1314 -74.0000000000
1315 -73.0000000000
1359 -72.0000000000
1392 -71.0000000000
1394 -69.0000000000
1428 -68.0000000000
1468 -65.0000000000
1560 -63.0000000000
1564 -62.0000000000
1607 -60.0000000000
1664 -59.0000000000
1720 -58.0000000000
1742 -57.0000000000
1787 -56.0000000000
1834 -55.0000000000
1871 -54.0000000000
1889 -53.0000000000
1907 -52.0000000000
1949 -51.0000000000
1991 -50.0000000000
2019 -49.0000000000
2072 -47.0000000000
2111 -46.0000000000
2155 -44.0000000000
2230 -43.0000000000
2312 -41.0000000000
2349 -40.0000000000
2424 -38.0000000000
2475 -37.0000000000
2516 -36.0000000000
2532 -34.0000000000
2576 -33.0000000000
2622 -31.0000000000
2623 -29.0000000000
2716 -28.0000000000
2733 -27.0000000000
2771 -26.0000000000
2793 -25.0000000000
2821 -24.0000000000
2879 -22.0000000000
2942 -20.0000000000
3032 -18.0000000000
3075 -17.0000000000
3103 -16.0000000000
3191 -15.0000000000
3239 -14.0000000000
3290 -13.0000000000
3316 -12.0000000000
3348 -11.0000000000
3495 -10.0000000000
3743 -9.0000000000
3831 -7.0000000000
3934 -6.0000000000
4062 -5.0000000000
4078 -4.0000000000
4180 -3.0000000000
4283 -2.0000000000
4359 -1.0000000000
4389 402.0000000000
4613 407.0000000000
4621 409.0000000000
4657 410.0000000000
4685 415.0000000000
4789 418.0000000000
5126 420.0000000000
5218 422.0000000000
5410 423.0000000000
5574 424.0000000000
5847 425.0000000000
7615 429.0000000000
7763 431.0000000000
12804 432.0000000000
22851 433.0000000000
55546 434.0000000000
90025 435.0000000000
99980 -1.0000000000
evaluations raw_y
1 -236.0000000000
2 -220.0000000000
3 -196.0000000000
5 -195.0000000000
18 -189.0000000000
25 -186.0000000000
50 -182.0000000000
69 -181.0000000000
92 -180.0000000000
102 -174.0000000000
111 -170.0000000000
148 -168.0000000000
170 -167.0000000000
181 -165.0000000000
190 -161.0000000000
203 -158.0000000000
222 -157.0000000000
240 -153.0000000000
247 -152.0000000000
262 -147.0000000000
289 -146.0000000000
305 -145.0000000000
311 -143.0000000000
331 -140.0000000000
350 -138.0000000000
386 -133.0000000000
416 -132.0000000000
432 -129.0000000000
457 -126.0000000000
473 -124.0000000000
503 -123.0000000000
521 -121.0000000000
544 -120.0000000000
579 -119.0000000000
583 -118.0000000000
598 -117.0000000000
624 -115.0000000000
635 -114.0000000000
686 -113.0000000000
694 -112.0000000000
701 -109.0000000000
745 -108.0000000000
755 -106.0000000000
797 -105.0000000000
814 -103.0000000000
829 -102.0000000000
849 -100.0000000000
862 -98.0000000000
905 -97.0000000000
944 -95.0000000000
987 -94.0000000000
1006 -93.0000000000
1024 -92.0000000000
1025 -91.0000000000
1105 -90.0000000000
1111 -87.0000000000
1226 -86.0000000000
1234 -84.0000000000
1277 -83.0000000000
1323 -82.0000000000
1347 -81.0000000000
1349 -79.0000000000
1453 -78.0000000000
1469 -77.0000000000
1501 -76.0000000000
1509 -75.0000000000
1566 -74.0000000000
1591 -73.0000000000
1623 -72.0000000000
1625 -71.0000000000
1674 -70.0000000000
1717 -69.0000000000
1744 -67.0000000000
1766 -65.0000000000
1826 -64.0000000000
1830 -63.0000000000
1874 -62.0000000000
1891 -61.0000000000
1907 -60.0000000000
1960 -59.0000000000
1984 -58.0000000000
1995 -57.0000000000
2035 -56.0000000000
2075 -54.0000000000
2106 -53.0000000000
2142 -51.0000000000
2221 -48.0000000000
2265 -47.0000000000
2296 -46.0000000000
2312 -45.0000000000
2351 -44.0000000000
2392 -43.0000000000
2414 -42.0000000000
2462 -40.0000000000
2548 -39.0000000000
2557 -38.0000000000
2604 -37.0000000000
2634 -36.0000000000
2699 -35.0000000000
2712 -34.0000000000
2749 -33.0000000000
2785 -32.0000000000
2832 -31.0000000000
2861 -30.0000000000
2907 -29.0000000000
2958 -28.0000000000
2967 -27.0000000000
3022 -25.0000000000
3066 -24.0000000000
3101 -23.0000000000
3156 -22.0000000000
3182 -21.0000000000
3212 -20.0000000000
3264 -19.0000000000
3372 -18.0000000000
3426 -17.0000000000
3478 -16.0000000000
3529 -15.0000000000
3574 -14.0000000000
3621 -12.0000000000
3684 -11.0000000000
3737 -10.0000000000
3798 -9.0000000000
3843 -8.0000000000
3903 -6.0000000000
4026 -5.0000000000
4065 -4.0000000000
4191 -3.0000000000
4223 -2.0000000000
4306 -1.0000000000
4438 383.0000000000
4477 407.0000000000
5112 408.0000000000
5282 415.0000000000
5702 418.0000000000
6067 420.0000000000
6727 423.0000000000
8007 427.0000000000
10699 432.0000000000
16857 433.0000000000
79417 436.0000000000
99980 -1.0000000000
evaluations raw_y
1 -201.0000000000
22 -189.0000000000
61 -188.0000000000
76 -174.0000000000
126 -171.0000000000
184 -170.0000000000
188 -162.0000000000
245 -160.0000000000
250 -157.0000000000
268 -156.0000000000
287 -154.0000000000
295 -152.0000000000
309 -151.0000000000
319 -150.0000000000
333 -147.0000000000
357 -146.0000000000
362 -138.0000000000
426 -135.0000000000
438 -133.0000000000
462 -130.0000000000
474 -128.0000000000
509 -125.0000000000
542 -123.0000000000
554 -118.0000000000
602 -116.0000000000
626 -115.0000000000
628 -114.0000000000
631 -112.0000000000
663 -110.0000000000
723 -108.0000000000
739 -106.0000000000
746 -105.0000000000
752 -104.0000000000
810 -103.0000000000
822 -102.0000000000
836 -100.0000000000
842 -99.0000000000
873 -98.0000000000
897 -97.0000000000
928 -96.0000000000
948 -95.0000000000
983 -94.0000000000
996 -92.0000000000
1045 -91.0000000000
1063 -90.0000000000
1068 -89.0000000000
1110 -88.0000000000
1112 -87.0000000000
1142 -86.0000000000
1186 -85.0000000000
1217 -84.0000000000
1270 -83.0000000000
1282 -80.0000000000
1312 -79.0000000000
1388 -77.0000000000
1423 -76.0000000000
1470 -75.0000000000
1473 -74.0000000000
1504 -73.0000000000
1512 -72.0000000000
1546 -71.0000000000
1558 -70.0000000000
1590 -69.0000000000
1631 -68.0000000000
1654 -67.0000000000
1663 -66.0000000000
1690 -65.0000000000
1720 -64.0000000000
1768 -62.0000000000
1770 -61.0000000000
1803 -60.0000000000
1827 -59.0000000000
1867 -58.0000000000
1882 -57.0000000000
1947 -55.0000000000
1949 -53.0000000000
1985 -52.0000000000
2026 -51.0000000000
2070 -50.0000000000
2142 -49.0000000000
2149 -48.0000000000
2200 -47.0000000000
2241 -46.0000000000
2266 -45.0000000000
2318 -44.0000000000
2328 -43.0000000000
2356 -41.0000000000
2401 -40.0000000000
2479 -39.0000000000
2484 -38.0000000000
2544 -36.0000000000
2665 -35.0000000000
2716 -34.0000000000
2775 -33.0000000000
2838 -32.0000000000
2862 -31.0000000000
2903 -30.0000000000
2921 -29.0000000000
3005 -28.0000000000
3056 -27.0000000000
3115 -26.0000000000
3151 -25.0000000000
3228 -24.0000000000
3230 -23.0000000000
3335 -22.0000000000
3421 -21.0000000000
3488 -19.0000000000
3582 -18.0000000000
3613 -17.0000000000
3625 -16.0000000000
3705 -15.0000000000
3724 -14.0000000000
3782 -13.0000000000
3838 -12.0000000000
3988 -11.0000000000
4180 -10.0000000000
4225 -9.0000000000
4284 -7.0000000000
4308 -6.0000000000
4440 -5.0000000000
4471 -4.0000000000
4607 -3.0000000000
4701 -2.0000000000
4791 -1.0000000000
4865 364.0000000000
4884 383.0000000000
4922 387.0000000000
4992 397.0000000000
5214 400.0000000000
5246 401.0000000000
5386 403.0000000000
5771 405.0000000000
5816 409.0000000000
6012 411.0000000000
6038 417.0000000000
9137 422.0000000000
14098 427.0000000000
24234 429.0000000000
70321 430.0000000000
87467 431.0000000000
99980 -2.0000000000
evaluations raw_y
1 -230.0000000000
2 -202.0000000000
7 -201.0000000000
16 -191.0000000000
22 -189.0000000000
23 -184.0000000000
71 -183.0000000000
89 -180.0000000000
118 -164.0000000000
181 -163.0000000000
209 -162.0000000000
212 -161.0000000000
224 -160.0000000000
227 -154.0000000000
257 -149.0000000000
278 -148.0000000000
288 -146.0000000000
318 -140.0000000000
342 -139.0000000000
382 -138.0000000000
386 -137.0000000000
394 -135.0000000000
439 -133.0000000000
463 -132.0000000000
480 -130.0000000000
502 -129.0000000000
503 -128.0000000000
541 -127.0000000000
548 -126.0000000000
557 -124.0000000000
575 -123.0000000000
581 -122.0000000000
585 -121.0000000000
588 -120.0000000000
591 -119.0000000000
602 -118.0000000000
632 -116.0000000000
665 -113.0000000000
701 -111.0000000000
742 -109.0000000000
792 -108.0000000000
793 -107.0000000000
835 -106.0000000000
869 -105.0000000000
892 -104.0000000000
932 -102.0000000000
984 -100.0000000000
1032 -99.0000000000
1063 -98.0000000000
1074 -97.0000000000
1112 -96.0000000000
1125 -95.0000000000
1156 -93.0000000000
1164 -92.0000000000
1186 -90.0000000000
1234 -88.0000000000
1274 -86.0000000000
1305 -83.0000000000
1352 -80.0000000000
1402 -79.0000000000
1437 -78.0000000000
1441 -77.0000000000
1456 -75.0000000000
1489 -74.0000000000
1514 -73.0000000000
1555 -72.0000000000
1559 -70.0000000000
1562 -69.0000000000
1600 -68.0000000000
1630 -66.0000000000
1633 -65.0000000000
1691 -64.0000000000
1736 -63.0000000000
1750 -61.0000000000
1790 -60.0000000000
1867 -59.0000000000
1880 -58.0000000000
1908 -57.0000000000
1929 -56.0000000000
1968 -54.0000000000
2022 -53.0000000000
2026 -52.0000000000
2063 -51.0000000000
2102 -49.0000000000
2153 -48.0000000000
2188 -45.0000000000
2237 -43.0000000000
2261 -42.0000000000
2301 -41.0000000000
2324 -40.0000000000
2387 -39.0000000000
2392 -38.0000000000
2435 -37.0000000000
2466 -36.0000000000
2512 -35.0000000000
2526 -34.0000000000
2582 -32.0000000000
2688 -30.0000000000
2702 -29.0000000000
2749 -28.0000000000
2784 -27.0000000000
2821 -26.0000000000
2901 -25.0000000000
2908 -24.0000000000
2965 -23.0000000000
2994 -21.0000000000
3098 -20.0000000000
3119 -18.0000000000
3176 -17.0000000000
3192 -15.0000000000
3307 -14.0000000000
3349 -13.0000000000
3466 -12.0000000000
3560 -11.0000000000
3602 -10.0000000000
3741 -9.0000000000
3792 -8.0000000000
3856 -7.0000000000
3860 -6.0000000000
3915 -5.0000000000
3942 -4.0000000000
4041 -3.0000000000
4298 -2.0000000000
4382 -1.0000000000
4507 384.0000000000
4558 386.0000000000
4639 392.0000000000
4975 398.0000000000
4991 399.0000000000
5794 401.0000000000
5908 402.0000000000
5966 403.0000000000
6136 406.0000000000
6236 409.0000000000
6253 410.0000000000
6289 412.0000000000
6887 413.0000000000
6992 416.0000000000
7150 417.0000000000
7363 420.0000000000
7529 422.0000000000
7531 425.0000000000
7993 429.0000000000
26132 430.0000000000
72705 431.0000000000
99980 -1.0000000000
evaluations raw_y
1 -229.0000000000
2 -208.0000000000
4 -203.0000000000
5 -202.0000000000
17 -191.0000000000
24 -186.0000000000
101 -174.0000000000
157 -172.0000000000
194 -171.0000000000
222 -164.0000000000
234 -157.0000000000
281 -156.0000000000
303 -152.0000000000
334 -151.0000000000
343 -150.0000000000
356 -147.0000000000
384 -145.0000000000
388 -138.0000000000
424 -137.0000000000
461 -129.0000000000
569 -128.0000000000
585 -127.0000000000
589 -126.0000000000
624 -125.0000000000
638 -123.0000000000
665 -121.0000000000
702 -119.0000000000
712 -118.0000000000
782 -117.0000000000
787 -116.0000000000
821 -115.0000000000
823 -114.0000000000
830 -113.0000000000
858 -111.0000000000
906 -110.0000000000
938 -109.0000000000
955 -108.0000000000
988 -106.0000000000
997 -105.0000000000
1061 -104.0000000000
1063 -103.0000000000
1106 -102.0000000000
1117 -99.0000000000
1141 -98.0000000000
1184 -97.0000000000
1196 -95.0000000000
1232 -94.0000000000
1283 -93.0000000000
1301 -92.0000000000
1318 -91.0000000000
1344 -90.0000000000
1351 -87.0000000000
1409 -86.0000000000
1445 -84.0000000000
1514 -82.0000000000
1567 -80.0000000000
1591 -79.0000000000
1630 -78.0000000000
1643 -77.0000000000
1664 -76.0000000000
1704 -75.0000000000
1713 -73.0000000000
1721 -72.0000000000
1760 -71.0000000000
1797 -70.0000000000
1812 -68.0000000000
1834 -66.0000000000
1881 -65.0000000000
1905 -64.0000000000
1949 -63.0000000000
1962 -62.0000000000
2011 -61.0000000000
2031 -60.0000000000
2062 -59.0000000000
2103 -58.0000000000
2109 -57.0000000000
2182 -56.0000000000
2188 -55.0000000000
2222 -53.0000000000
2298 -52.0000000000
2314 -51.0000000000
2353 -50.0000000000
2374 -49.0000000000
2412 -48.0000000000
2424 -47.0000000000
2465 -45.0000000000
2530 -44.0000000000
2553 -43.0000000000
2557 -42.0000000000
2587 -41.0000000000
2656 -40.0000000000
2675 -39.0000000000
2712 -37.0000000000
2788 -36.0000000000
2829 -35.0000000000
2869 -33.0000000000
2913 -32.0000000000
2915 -31.0000000000
2981 -30.0000000000
3037 -29.0000000000
3067 -28.0000000000
3069 -27.0000000000
3110 -26.0000000000
3112 -25.0000000000
3165 -24.0000000000
3222 -23.0000000000
3264 -22.0000000000
3338 -21.0000000000
3393 -20.0000000000
3447 -19.0000000000
3484 -18.0000000000
3527 -17.0000000000
3557 -16.0000000000
3590 -15.0000000000
3661 -14.0000000000
3664 -13.0000000000
3725 -12.0000000000
3749 -11.0000000000
3803 -10.0000000000
3880 -9.0000000000
3905 -8.0000000000
3912 -7.0000000000
3990 -6.0000000000
4059 -5.0000000000
4093 -4.0000000000
4142 -2.0000000000
4226 -1.0000000000
4268 398.0000000000
4344 403.0000000000
4396 407.0000000000
4421 408.0000000000
4555 410.0000000000
4732 414.0000000000
4952 417.0000000000
5094 420.0000000000
10957 421.0000000000
13476 424.0000000000
22753 426.0000000000
26451 427.0000000000
26541 428.0000000000
27096 429.0000000000
37886 430.0000000000
61785 433.0000000000
91810 436.0000000000
99980 436.0000000000
evaluations raw_y
1 -219.0000000000
5 -196.0000000000
25 -191.0000000000
66 -188.0000000000
88 -183.0000000000
104 -182.0000000000
118 -177.0000000000
140 -175.0000000000
148 -174.0000000000
164 -169.0000000000
187 -168.0000000000
208 -165.0000000000
212 -164.0000000000
220 -163.0000000000
224 -155.0000000000
262 -154.0000000000
294 -152.0000000000
301 -151.0000000000
307 -148.0000000000
337 -147.0000000000
357 -145.0000000000
383 -144.0000000000
389 -138.0000000000
436 -136.0000000000
461 -133.0000000000
482 -132.0000000000
501 -131.0000000000
543 -129.0000000000
545 -127.0000000000
551 -125.0000000000
582 -124.0000000000
612 -123.0000000000
622 -121.0000000000
623 -120.0000000000
668 -118.0000000000
689 -110.0000000000
711 -109.0000000000
765 -108.0000000000
792 -106.0000000000
825 -104.0000000000
832 -103.0000000000
878 -102.0000000000
915 -101.0000000000
960 -100.0000000000
968 -99.0000000000
992 -97.0000000000
1025 -95.0000000000
1084 -94.0000000000
1085 -92.0000000000
1113 -90.0000000000
1147 -89.0000000000
1150 -88.0000000000
1172 -87.0000000000
1227 -86.0000000000
1264 -83.0000000000
1319 -82.0000000000
1358 -81.0000000000
1395 -79.0000000000
1428 -78.0000000000
1435 -77.0000000000
1466 -76.0000000000
1504 -75.0000000000
1508 -74.0000000000
1534 -73.0000000000
1548 -70.0000000000
1622 -67.0000000000
1676 -63.0000000000
1713 -62.0000000000
1752 -61.0000000000
1784 -60.0000000000
1806 -59.0000000000
1836 -58.0000000000
1837 -57.0000000000
1863 -56.0000000000
1903 -55.0000000000
1970 -54.0000000000
1985 -53.0000000000
2034 -52.0000000000
2043 -48.0000000000
2091 -47.0000000000
2115 -46.0000000000
2181 -45.0000000000
2214 -43.0000000000
2234 -42.0000000000
2307 -40.0000000000
2385 -39.0000000000
2392 -38.0000000000
2442 -37.0000000000
2485 -36.0000000000
2501 -35.0000000000
2550 -33.0000000000
2601 -32.0000000000
2663 -31.0000000000
2703 -28.0000000000
2760 -27.0000000000
2809 -26.0000000000
2873 -25.0000000000
2928 -24.0000000000
2940 -23.0000000000
2984 -22.0000000000
3030 -21.0000000000
3065 -20.0000000000
3102 -19.0000000000
3143 -18.0000000000
3149 -17.0000000000
3222 -16.0000000000
3386 -12.0000000000
3505 -10.0000000000
3598 -9.0000000000
3655 -8.0000000000
3717 -7.0000000000
3834 -6.0000000000
3926 -5.0000000000
4048 -4.0000000000
4103 -3.0000000000
4284 -2.0000000000
4354 -1.0000000000
4387 401.0000000000
4428 413.0000000000
5136 414.0000000000
5369 418.0000000000
5758 419.0000000000
6197 421.0000000000
6348 423.0000000000
27576 424.0000000000
42331 425.0000000000
44412 429.0000000000
87294 431.0000000000
92032 433.0000000000
99980 433.0000000000
evaluations raw_y
1 -202.0000000000
10 -199.0000000000
14 -195.0000000000
27 -188.0000000000
54 -187.0000000000
55 -172.0000000000
105 -170.0000000000
126 -169.0000000000
146 -166.0000000000
160 -165.0000000000
170 -159.0000000000
185 -158.0000000000
188 -157.0000000000
198 -146.0000000000
228 -144.0000000000
261 -142.0000000000
263 -138.0000000000
317 -137.0000000000
342 -134.0000000000
369 -132.0000000000
382 -131.0000000000
392 -128.0000000000
425 -124.0000000000
433 -122.0000000000
467 -120.0000000000
505 -117.0000000000
530 -116.0000000000
545 -115.0000000000
574 -114.0000000000
594 -110.0000000000
634 -109.0000000000
639 -108.0000000000
661 -107.0000000000
669 -106.0000000000
703 -104.0000000000
780 -102.0000000000
784 -100.0000000000
806 -98.0000000000
843 -91.0000000000
908 -90.0000000000
953 -89.0000000000
990 -88.0000000000
1035 -87.0000000000
1102 -85.0000000000
1148 -83.0000000000
1185 -82.0000000000
1191 -80.0000000000
1263 -79.0000000000
1287 -78.0000000000
1329 -77.0000000000
1346 -74.0000000000
1396 -73.0000000000
1425 -72.0000000000
1439 -71.0000000000
1464 -70.0000000000
1487 -69.0000000000
1521 -68.0000000000
1527 -67.0000000000
1566 -65.0000000000
1595 -63.0000000000
1662 -61.0000000000
1711 -60.0000000000
1753 -59.0000000000
1770 -58.0000000000
1797 -57.0000000000
1818 -55.0000000000
1859 -54.0000000000
1904 -53.0000000000
1932 -51.0000000000
1982 -50.0000000000
2023 -48.0000000000
2064 -47.0000000000
2119 -44.0000000000
2190 -43.0000000000
2231 -42.0000000000
2269 -41.0000000000
2313 -37.0000000000
2405 -36.0000000000
2422 -35.0000000000
2477 -34.0000000000
2509 -33.0000000000
2519 -32.0000000000
2546 -31.0000000000
2587 -30.0000000000
2626 -28.0000000000
2705 -27.0000000000
2745 -26.0000000000
2780 -25.0000000000
2865 -24.0000000000
2879 -23.0000000000
2938 -22.0000000000
2992 -21.0000000000
3060 -20.0000000000
3072 -19.0000000000
3073 -18.0000000000
3113 -17.0000000000
3236 -16.0000000000
3250 -14.0000000000
3347 -13.0000000000
3422 -12.0000000000
3521 -11.0000000000
3695 -10.0000000000
3799 -9.0000000000
3916 -8.0000000000
3961 -7.0000000000
4029 -6.0000000000
4081 -5.0000000000
4127 -4.0000000000
4277 -3.0000000000
4467 -2.0000000000
4593 -1.0000000000
4667 387.0000000000
4689 391.0000000000
4829 394.0000000000
4843 399.0000000000
5739 400.0000000000
5769 406.0000000000
6035 407.0000000000
6156 412.0000000000
7381 415.0000000000
7572 416.0000000000
13144 419.0000000000
14617 423.0000000000
19447 424.0000000000
21357 426.0000000000
21819 427.0000000000
21991 428.0000000000
32219 431.0000000000
43307 432.0000000000
81444 433.0000000000
96329 434.0000000000
99980 -1.0000000000
evaluations raw_y
1 -214.0000000000
3 -197.0000000000
16 -189.0000000000
21 -188.0000000000
47 -178.0000000000
80 -177.0000000000
90 -176.0000000000
92 -174.0000000000
114 -173.0000000000
133 -168.0000000000
181 -166.0000000000
185 -161.0000000000
206 -158.0000000000
223 -157.0000000000
262 -155.0000000000
272 -151.0000000000
308 -150.0000000000
328 -148.0000000000
352 -141.0000000000
389 -140.0000000000
401 -139.0000000000
434 -138.0000000000
442 -137.0000000000
461 -136.0000000000
464 -135.0000000000
466 -133.0000000000
485 -132.0000000000
521 -130.0000000000
523 -129.0000000000
541 -128.0000000000
551 -127.0000000000
572 -125.0000000000
605 -124.0000000000
624 -122.0000000000
651 -115.0000000000
702 -114.0000000000
708 -113.0000000000
753 -112.0000000000
759 -110.0000000000
822 -106.0000000000
880 -104.0000000000
910 -103.0000000000
955 -102.0000000000
995 -100.0000000000
1061 -97.0000000000
1142 -96.0000000000
1144 -95.0000000000
1182 -94.0000000000
1192 -93.0000000000
1225 -92.0000000000
1239 -91.0000000000
1296 -89.0000000000
1312 -88.0000000000
1356 -86.0000000000
1362 -84.0000000000
1390 -83.0000000000
1480 -81.0000000000
1511 -80.0000000000
1543 -79.0000000000
1604 -75.0000000000
1707 -74.0000000000
1781 -72.0000000000
1824 -71.0000000000
1842 -70.0000000000
1862 -69.0000000000
1897 -68.0000000000
1918 -67.0000000000
1945 -66.0000000000
1981 -65.0000000000
2001 -64.0000000000
2024 -63.0000000000
2067 -61.0000000000
2114 -60.0000000000
2144 -59.0000000000
2171 -56.0000000000
2184 -55.0000000000
2272 -54.0000000000
2276 -53.0000000000
2346 -52.0000000000
2383 -51.0000000000
2397 -49.0000000000
2428 -48.0000000000
2463 -47.0000000000
2533 -46.0000000000
2577 -45.0000000000
2603 -44.0000000000
2683 -43.0000000000
2705 -42.0000000000
2758 -41.0000000000
2775 -40.0000000000
2853 -38.0000000000
2868 -37.0000000000
2876 -36.0000000000
2902 -35.0000000000
2968 -34.0000000000
3030 -33.0000000000
3066 -32.0000000000
3107 -31.0000000000
3167 -30.0000000000
3204 -29.0000000000
3266 -28.0000000000
3304 -26.0000000000
3385 -25.0000000000
3403 -24.0000000000
3440 -23.0000000000
3477 -21.0000000000
3505 -20.0000000000
3579 -19.0000000000
3607 -18.0000000000
3663 -17.0000000000
3690 -16.0000000000
3734 -15.0000000000
3775 -14.0000000000
3796 -13.0000000000
3865 -12.0000000000
3899 -11.0000000000
3971 -10.0000000000
4102 -9.0000000000
4263 -8.0000000000
4307 -7.0000000000
4397 -6.0000000000
4428 -5.0000000000
4496 -4.0000000000
4588 -3.0000000000
4680 -2.0000000000
4704 -1.0000000000
4748 360.0000000000
4776 369.0000000000
4797 372.0000000000
4810 386.0000000000
4868 389.0000000000
4929 397.0000000000
5009 398.0000000000
5019 399.0000000000
5129 409.0000000000
5237 411.0000000000
5297 412.0000000000
5429 415.0000000000
5581 416.0000000000
5683 417.0000000000
6018 418.0000000000
6460 419.0000000000
6648 420.0000000000
6658 422.0000000000
7026 423.0000000000
16966 425.0000000000
25279 426.0000000000
30730 427.0000000000
39266 428.0000000000
42649 431.0000000000
90957 432.0000000000
99980 432.0000000000
evaluations raw_y
1 -202.0000000000
6 -177.0000000000
54 -168.0000000000
70 -167.0000000000
97 -166.0000000000
112 -165.0000000000
121 -164.0000000000
131 -161.0000000000
160 -159.0000000000
164 -157.0000000000
181 -156.0000000000
185 -155.0000000000
199 -151.0000000000
232 -148.0000000000
251 -145.0000000000
274 -144.0000000000
293 -140.0000000000
309 -137.0000000000
418 -136.0000000000
426 -135.0000000000
434 -134.0000000000
466 -133.0000000000
502 -132.0000000000
509 -130.0000000000
551 -127.0000000000
601 -125.0000000000
661 -124.0000000000
663 -122.0000000000
703 -120.0000000000
748 -118.0000000000
800 -117.0000000000
823 -116.0000000000
828 -115.0000000000
878 -114.0000000000
885 -113.0000000000
899 -110.0000000000
960 -109.0000000000
1003 -108.0000000000
1021 -107.0000000000
1023 -106.0000000000
1078 -104.0000000000
1118 -102.0000000000
1167 -101.0000000000
1178 -99.0000000000
1238 -97.0000000000
1280 -95.0000000000
1317 -94.0000000000
1338 -93.0000000000
1386 -92.0000000000
1420 -91.0000000000
1423 -89.0000000000
1485 -88.0000000000
1515 -87.0000000000
1553 -84.0000000000
1583 -83.0000000000
1629 -82.0000000000
1661 -81.0000000000
1701 -80.0000000000
1704 -78.0000000000
1727 -77.0000000000
1789 -76.0000000000
1793 -74.0000000000
1820 -73.0000000000
1834 -72.0000000000
1862 -71.0000000000
1865 -70.0000000000
1902 -69.0000000000
1944 -68.0000000000
1950 -67.0000000000
1999 -66.0000000000
2051 -65.0000000000
2067 -63.0000000000
2121 -62.0000000000
2157 -61.0000000000
2169 -60.0000000000
2184 -59.0000000000
2190 -58.0000000000
2247 -57.0000000000
2292 -54.0000000000
2328 -53.0000000000
2363 -51.0000000000
2483 -50.0000000000
2543 -49.0000000000
2607 -48.0000000000
2629 -47.0000000000
2657 -46.0000000000
2679 -44.0000000000
2746 -43.0000000000
2789 -42.0000000000
2836 -41.0000000000
2863 -40.0000000000
2889 -39.0000000000
2962 -37.0000000000
2993 -35.0000000000
3032 -34.0000000000
3105 -32.0000000000
3181 -31.0000000000
3262 -30.0000000000
3355 -29.0000000000
3421 -28.0000000000
3462 -27.0000000000
3552 -26.0000000000
3649 -25.0000000000
3692 -24.0000000000
3712 -23.0000000000
3737 -22.0000000000
3791 -20.0000000000
3861 -18.0000000000
3906 -16.0000000000
3999 -15.0000000000
4081 -14.0000000000
4105 -13.0000000000
4121 -12.0000000000
4177 -11.0000000000
4273 -10.0000000000
4286 -9.0000000000
4338 -8.0000000000
4374 -7.0000000000
4433 -6.0000000000
4481 -5.0000000000
4555 -4.0000000000
4586 -3.0000000000
4626 -2.0000000000
4884 -1.0000000000
5034 386.0000000000
5062 404.0000000000
5501 406.0000000000
5754 418.0000000000
5917 421.0000000000
6141 422.0000000000
6409 424.0000000000
15836 425.0000000000
23039 426.0000000000
65932 427.0000000000
99980 419.0000000000
evaluations raw_y
1 -233.0000000000
2 -229.0000000000
3 -200.0000000000
24 -193.0000000000
48 -190.0000000000
62 -189.0000000000
66 -183.0000000000
106 -179.0000000000
147 -178.0000000000
151 -167.0000000000
189 -165.0000000000
193 -163.0000000000
222 -157.0000000000
286 -155.0000000000
289 -153.0000000000
301 -147.0000000000
325 -146.0000000000
361 -143.0000000000
372 -140.0000000000
384 -139.0000000000
386 -138.0000000000
416 -137.0000000000
427 -129.0000000000
485 -128.0000000000
488 -127.0000000000
505 -124.0000000000
514 -122.0000000000
553 -121.0000000000
567 -120.0000000000
574 -119.0000000000
614 -116.0000000000
673 -113.0000000000
679 -112.0000000000
706 -110.0000000000
753 -108.0000000000
785 -107.0000000000
812 -104.0000000000
862 -102.0000000000
915 -99.0000000000
942 -98.0000000000
991 -96.0000000000
1041 -95.0000000000
1063 -94.0000000000
1082 -93.0000000000
1087 -91.0000000000
1144 -89.0000000000
1146 -88.0000000000
1183 -86.0000000000
1225 -85.0000000000
1237 -82.0000000000
1286 -79.0000000000
1344 -78.0000000000
1408 -77.0000000000
1410 -76.0000000000
1433 -75.0000000000
1461 -72.0000000000
1558 -69.0000000000
1602 -67.0000000000
1636 -65.0000000000
1662 -63.0000000000
1752 -62.0000000000
1812 -61.0000000000
1829 -60.0000000000
1923 -59.0000000000
1942 -58.0000000000
1968 -57.0000000000
1983 -56.0000000000
1996 -55.0000000000
2034 -54.0000000000
2061 -53.0000000000
2104 -52.0000000000
2130 -50.0000000000
2183 -49.0000000000
2253 -48.0000000000
2281 -47.0000000000
2293 -46.0000000000
2303 -44.0000000000
2389 -43.0000000000
2428 -42.0000000000
2451 -41.0000000000
2476 -40.0000000000
2486 -39.0000000000
2519 -38.0000000000
2569 -37.0000000000
2584 -36.0000000000
2628 -35.0000000000
2683 -34.0000000000
2705 -33.0000000000
2757 -32.0000000000
2789 -31.0000000000
2898 -30.0000000000
2904 -29.0000000000
3070 -28.0000000000
3103 -27.0000000000
3223 -26.0000000000
3278 -25.0000000000
3282 -24.0000000000
3425 -23.0000000000
3461 -22.0000000000
3519 -21.0000000000
3544 -20.0000000000
3613 -19.0000000000
3688 -18.0000000000
3702 -17.0000000000
3772 -16.0000000000
3785 -15.0000000000
3865 -14.0000000000
3903 -13.0000000000
3962 -12.0000000000
4113 -11.0000000000
4174 -10.0000000000
4187 -9.0000000000
4255 -8.0000000000
4319 -7.0000000000
4388 -6.0000000000
4422 -4.0000000000
4662 -3.0000000000
4677 -2.0000000000
4820 -1.0000000000
4853 376.0000000000
4953 387.0000000000
5545 394.0000000000
5628 396.0000000000
5884 399.0000000000
5973 402.0000000000
6329 404.0000000000
6360 407.0000000000
6398 408.0000000000
6490 409.0000000000
6541 413.0000000000
6693 414.0000000000
6865 415.0000000000
8334 416.0000000000
8355 417.0000000000
8455 418.0000000000
8850 419.0000000000
9094 422.0000000000
12115 425.0000000000
12248 426.0000000000
19495 430.0000000000
29286 431.0000000000
31820 435.0000000000
99980 -1.0000000000
evaluations raw_y
1 -216.0000000000
5 -210.0000000000
10 -193.0000000000
16 -192.0000000000
33 -191.0000000000
43 -190.0000000000
45 -185.0000000000
74 -174.0000000000
119 -170.0000000000
154 -169.0000000000
157 -168.0000000000
187 -167.0000000000
201 -158.0000000000
222 -157.0000000000
229 -156.0000000000
261 -154.0000000000
273 -153.0000000000
301 -152.0000000000
306 -151.0000000000
312 -149.0000000000
348 -140.0000000000
384 -138.0000000000
426 -135.0000000000
449 -134.0000000000
465 -132.0000000000
474 -130.0000000000
505 -128.0000000000
525 -127.0000000000
539 -126.0000000000
546 -123.0000000000
583 -122.0000000000
631 -121.0000000000
642 -120.0000000000
643 -119.0000000000
669 -118.0000000000
678 -117.0000000000
700 -116.0000000000
736 -115.0000000000
747 -112.0000000000
782 -111.0000000000
815 -110.0000000000
821 -109.0000000000
839 -106.0000000000
921 -105.0000000000
927 -104.0000000000
945 -103.0000000000
986 -102.0000000000
1000 -101.0000000000
1025 -100.0000000000
1061 -99.0000000000
1063 -98.0000000000
1070 -96.0000000000
1120 -92.0000000000
1182 -89.0000000000
1242 -88.0000000000
1261 -87.0000000000
1298 -86.0000000000
1305 -85.0000000000
1333 -84.0000000000
1343 -83.0000000000
1388 -82.0000000000
1420 -79.0000000000
1436 -77.0000000000
1495 -76.0000000000
1509 -75.0000000000
1566 -74.0000000000
1593 -73.0000000000
1623 -72.0000000000
1664 -71.0000000000
1673 -70.0000000000
1702 -69.0000000000
1741 -68.0000000000
1787 -67.0000000000
1802 -66.0000000000
1833 -65.0000000000
1867 -64.0000000000
1896 -63.0000000000
1922 -61.0000000000
1952 -60.0000000000
1968 -59.0000000000
1983 -58.0000000000
2029 -57.0000000000
2075 -56.0000000000
2109 -55.0000000000
2114 -54.0000000000
2158 -53.0000000000
2181 -51.0000000000
2253 -50.0000000000
2325 -49.0000000000
2374 -48.0000000000
2428 -45.0000000000
2480 -44.0000000000
2512 -43.0000000000
2577 -41.0000000000
2621 -39.0000000000
2665 -38.0000000000
2703 -37.0000000000
2798 -36.0000000000
2845 -34.0000000000
2900 -33.0000000000
2907 -32.0000000000
2949 -29.0000000000
3068 -28.0000000000
3131 -26.0000000000
3144 -25.0000000000
3225 -24.0000000000
3275 -23.0000000000
3335 -22.0000000000
3415 -21.0000000000
3474 -20.0000000000
3549 -19.0000000000
3606 -18.0000000000
3661 -17.0000000000
3668 -16.0000000000
3741 -15.0000000000
3784 -14.0000000000
3831 -13.0000000000
3856 -12.0000000000
3896 -11.0000000000
3911 -10.0000000000
3985 -9.0000000000
4044 -8.0000000000
4049 -7.0000000000
4089 -6.0000000000
4252 -5.0000000000
4345 -4.0000000000
4469 -3.0000000000
4619 -2.0000000000
4685 -1.0000000000
4790 398.0000000000
4808 402.0000000000
4934 404.0000000000
5129 406.0000000000
5193 410.0000000000
5292 413.0000000000
5697 416.0000000000
5780 418.0000000000
5857 421.0000000000
6588 422.0000000000
6714 424.0000000000
10738 425.0000000000
11059 427.0000000000
33119 429.0000000000
43553 430.0000000000
52299 431.0000000000
52880 435.0000000000
99980 435.0000000000
