evaluations raw_y
1 -215.0000000000
2 -212.0000000000
6 -208.0000000000
9 -199.0000000000
63 -198.0000000000
74 -193.0000000000
76 -192.0000000000
84 -188.0000000000
92 -187.0000000000
96 -183.0000000000
130 -182.0000000000
137 -180.0000000000
139 -178.0000000000
187 -177.0000000000
190 -172.0000000000
195 -170.0000000000
220 -164.0000000000
242 -163.0000000000
270 -161.0000000000
275 -159.0000000000
319 -158.0000000000
326 -155.0000000000
333 -149.0000000000
378 -148.0000000000
433 -146.0000000000
479 -144.0000000000
507 -143.0000000000
559 -142.0000000000
563 -141.0000000000
577 -140.0000000000
603 -138.0000000000
652 -137.0000000000
674 -136.0000000000
704 -135.0000000000
714 -134.0000000000
762 -133.0000000000
812 -132.0000000000
898 -131.0000000000
902 -130.0000000000
913 -129.0000000000
942 -128.0000000000
991 -127.0000000000
998 -126.0000000000
1045 -125.0000000000
1048 -123.0000000000
1141 -122.0000000000
1183 -121.0000000000
1184 -120.0000000000
1199 -119.0000000000
1233 -118.0000000000
1280 -117.0000000000
1291 -116.0000000000
1323 -115.0000000000
1345 -114.0000000000
1353 -108.0000000000
1362 -99.0000000000
1397 -95.0000000000
1404 -93.0000000000
1500 -90.0000000000
1549 -88.0000000000
1557 -87.0000000000
1600 -86.0000000000
1639 -85.0000000000
1642 -84.0000000000
1651 -83.0000000000
1687 -82.0000000000
1751 -80.0000000000
1754 -79.0000000000
1802 -78.0000000000
1827 -76.0000000000
1898 -75.0000000000
1937 -74.0000000000
1946 -73.0000000000
2067 -72.0000000000
2087 -71.0000000000
2173 -69.0000000000
2181 -68.0000000000
2228 -67.0000000000
2371 -66.0000000000
2455 -65.0000000000
2459 -64.0000000000
2500 -63.0000000000
2548 -62.0000000000
2643 -61.0000000000
2666 -60.0000000000
2702 -59.0000000000
2778 -58.0000000000
2811 -55.0000000000
2832 -52.0000000000
2956 -51.0000000000
3055 -50.0000000000
3165 -49.0000000000
3218 -48.0000000000
3259 -47.0000000000
3293 -46.0000000000
3343 -45.0000000000
3403 -44.0000000000
3443 -43.0000000000
3489 -42.0000000000
3541 -40.0000000000
3588 -39.0000000000
3697 -38.0000000000
3766 -37.0000000000
3786 -36.0000000000
3805 -35.0000000000
3812 -33.0000000000
3920 -31.0000000000
3981 -30.0000000000
4010 -29.0000000000
4051 -28.0000000000
4125 -27.0000000000
4210 -25.0000000000
4279 -24.0000000000
4416 -23.0000000000
4508 -22.0000000000
4527 -21.0000000000
4703 -20.0000000000
4786 -19.0000000000
4827 -18.0000000000
4884 -17.0000000000
4916 -13.0000000000
5017 -12.0000000000
5101 -9.0000000000
5144 -8.0000000000
5150 -7.0000000000
5207 -6.0000000000
5479 -5.0000000000
5530 -4.0000000000
5715 -3.0000000000
5828 -2.0000000000
5909 -1.0000000000
6119 390.0000000000
6155 392.0000000000
6206 397.0000000000
6370 398.0000000000
6431 403.0000000000
6460 407.0000000000
6663 413.0000000000
7209 415.0000000000
7416 416.0000000000
7740 418.0000000000
7746 419.0000000000
7880 423.0000000000
8318 424.0000000000
8357 429.0000000000
9584 431.0000000000
9785 432.0000000000
10276 433.0000000000
11067 435.0000000000
12226 437.0000000000
18869 438.0000000000
21309 439.0000000000
41549 441.0000000000
48016 443.0000000000
64506 445.0000000000
74333 446.0000000000
100052 257.0000000000
evaluations raw_y
1 -226.0000000000
2 -208.0000000000
7 -204.0000000000
30 -191.0000000000
67 -185.0000000000
73 -184.0000000000
89 -181.0000000000
109 -177.0000000000
116 -176.0000000000
132 -174.0000000000
172 -168.0000000000
177 -164.0000000000
189 -160.0000000000
276 -158.0000000000
279 -155.0000000000
284 -150.0000000000
366 -149.0000000000
371 -147.0000000000
415 -146.0000000000
418 -141.0000000000
467 -140.0000000000
471 -139.0000000000
515 -138.0000000000
559 -135.0000000000
609 -134.0000000000
654 -132.0000000000
748 -130.0000000000
755 -129.0000000000
762 -127.0000000000
798 -126.0000000000
855 -125.0000000000
900 -124.0000000000
959 -122.0000000000
1050 -120.0000000000
1144 -119.0000000000
1151 -118.0000000000
1186 -115.0000000000
1325 -114.0000000000
1350 -109.0000000000
1404 -107.0000000000
1409 -104.0000000000
1452 -103.0000000000
1493 -102.0000000000
1539 -100.0000000000
1600 -98.0000000000
1638 -97.0000000000
1643 -96.0000000000
1658 -95.0000000000
1690 -94.0000000000
1695 -93.0000000000
1732 -92.0000000000
1747 -91.0000000000
1751 -90.0000000000
1781 -89.0000000000
1831 -88.0000000000
1840 -86.0000000000
1932 -85.0000000000
1972 -83.0000000000
2028 -82.0000000000
2071 -81.0000000000
2135 -80.0000000000
2265 -79.0000000000
2267 -78.0000000000
2308 -75.0000000000
2362 -74.0000000000
2424 -72.0000000000
2468 -71.0000000000
2515 -70.0000000000
2553 -69.0000000000
2597 -68.0000000000
2660 -67.0000000000
2665 -66.0000000000
2675 -64.0000000000
2678 -63.0000000000
2718 -61.0000000000
2786 -60.0000000000
2814 -59.0000000000
2862 -58.0000000000
2864 -57.0000000000
2914 -56.0000000000
2965 -55.0000000000
3010 -54.0000000000
3068 -53.0000000000
3073 -52.0000000000
3118 -51.0000000000
3207 -50.0000000000
3259 -49.0000000000
3303 -48.0000000000
3393 -46.0000000000
3458 -44.0000000000
3496 -43.0000000000
3503 -42.0000000000
3641 -41.0000000000
3679 -40.0000000000
3750 -39.0000000000
3751 -38.0000000000
3767 -37.0000000000
3769 -36.0000000000
3818 -35.0000000000
3847 -32.0000000000
3895 -31.0000000000
3910 -30.0000000000
3953 -29.0000000000
3961 -27.0000000000
4040 -26.0000000000
4047 -25.0000000000
4085 -24.0000000000
4187 -23.0000000000
4192 -22.0000000000
4238 -21.0000000000
4439 -20.0000000000
4576 -19.0000000000
4713 -18.0000000000
4861 -17.0000000000
4905 -16.0000000000
4980 -15.0000000000
5023 -11.0000000000
5123 -10.0000000000
5127 -9.0000000000
5262 -8.0000000000
5501 -7.0000000000
5562 -6.0000000000
5941 -5.0000000000
6043 -4.0000000000
6161 -3.0000000000
6242 -2.0000000000
6324 -1.0000000000
6440 399.0000000000
6540 400.0000000000
7196 402.0000000000
7391 409.0000000000
7717 412.0000000000
7853 413.0000000000
8010 416.0000000000
8148 418.0000000000
8623 422.0000000000
9497 428.0000000000
9970 429.0000000000
10217 430.0000000000
11199 432.0000000000
11832 434.0000000000
15648 437.0000000000
18449 438.0000000000
19164 439.0000000000
20213 441.0000000000
26051 442.0000000000
30679 443.0000000000
33996 445.0000000000
44541 446.0000000000
100052 345.0000000000
evaluations raw_y
1 -235.0000000000
2 -221.0000000000
3 -214.0000000000
6 -209.0000000000
13 -208.0000000000
14 -206.0000000000
21 -200.0000000000
39 -195.0000000000
73 -192.0000000000
85 -191.0000000000
100 -189.0000000000
101 -187.0000000000
112 -182.0000000000
149 -181.0000000000
153 -180.0000000000
166 -177.0000000000
169 -175.0000000000
171 -173.0000000000
190 -169.0000000000
220 -168.0000000000
222 -164.0000000000
267 -158.0000000000
280 -154.0000000000
321 -152.0000000000
327 -150.0000000000
329 -149.0000000000
373 -148.0000000000
385 -146.0000000000
411 -139.0000000000
474 -138.0000000000
511 -134.0000000000
603 -132.0000000000
652 -131.0000000000
662 -129.0000000000
664 -127.0000000000
668 -126.0000000000
750 -125.0000000000
752 -124.0000000000
796 -123.0000000000
806 -121.0000000000
848 -118.0000000000
901 -117.0000000000
960 -116.0000000000
992 -111.0000000000
1003 -110.0000000000
1048 -109.0000000000
1106 -108.0000000000
1135 -105.0000000000
1145 -104.0000000000
1152 -103.0000000000
1194 -102.0000000000
1234 -100.0000000000
1279 -99.0000000000
1301 -97.0000000000
1312 -96.0000000000
1351 -93.0000000000
1354 -92.0000000000
1398 -91.0000000000
1417 -90.0000000000
1445 -88.0000000000
1451 -84.0000000000
1549 -83.0000000000
1551 -81.0000000000
1589 -79.0000000000
1592 -76.0000000000
1658 -75.0000000000
1705 -74.0000000000
1735 -73.0000000000
1744 -72.0000000000
1779 -71.0000000000
1784 -70.0000000000
1799 -69.0000000000
1926 -67.0000000000
1945 -66.0000000000
2022 -65.0000000000
2035 -64.0000000000
2073 -63.0000000000
2115 -62.0000000000
2163 -61.0000000000
2216 -60.0000000000
2229 -59.0000000000
2277 -58.0000000000
2307 -57.0000000000
2366 -55.0000000000
2413 -54.0000000000
2502 -52.0000000000
2554 -51.0000000000
2607 -50.0000000000
2663 -49.0000000000
2693 -48.0000000000
2778 -47.0000000000
2821 -45.0000000000
2882 -44.0000000000
3001 -43.0000000000
3058 -42.0000000000
3162 -41.0000000000
3204 -40.0000000000
3207 -39.0000000000
3353 -38.0000000000
3384 -37.0000000000
3453 -36.0000000000
3463 -35.0000000000
3564 -34.0000000000
3670 -33.0000000000
3707 -32.0000000000
3725 -30.0000000000
3845 -28.0000000000
3873 -25.0000000000
3982 -24.0000000000
4118 -23.0000000000
4176 -22.0000000000
4328 -21.0000000000
4399 -19.0000000000
4594 -18.0000000000
4725 -16.0000000000
4933 -14.0000000000
4980 -11.0000000000
5166 -9.0000000000
5223 -8.0000000000
5262 -7.0000000000
5357 -6.0000000000
5374 -5.0000000000
5521 -4.0000000000
5602 -3.0000000000
5839 -2.0000000000
5846 -1.0000000000
6091 377.0000000000
6110 385.0000000000
6301 386.0000000000
6345 393.0000000000
6393 397.0000000000
6499 405.0000000000
6791 408.0000000000
6969 409.0000000000
7338 414.0000000000
7996 415.0000000000
8057 424.0000000000
9225 425.0000000000
9555 429.0000000000
10313 430.0000000000
11425 431.0000000000
12507 433.0000000000
12909 435.0000000000
17769 436.0000000000
19080 437.0000000000
20778 438.0000000000
21836 439.0000000000
22989 441.0000000000
31404 443.0000000000
50669 445.0000000000
80832 446.0000000000
87440 447.0000000000
100052 274.0000000000
evaluations raw_y
1 -222.0000000000
2 -220.0000000000
3 -208.0000000000
9 -207.0000000000
10 -205.0000000000
17 -203.0000000000
32 -197.0000000000
58 -196.0000000000
74 -194.0000000000
86 -189.0000000000
110 -185.0000000000
111 -183.0000000000
118 -180.0000000000
169 -179.0000000000
181 -177.0000000000
196 -175.0000000000
200 -174.0000000000
204 -172.0000000000
209 -171.0000000000
216 -170.0000000000
226 -169.0000000000
266 -167.0000000000
278 -165.0000000000
317 -164.0000000000
333 -163.0000000000
350 -160.0000000000
355 -157.0000000000
403 -156.0000000000
437 -155.0000000000
496 -154.0000000000
503 -153.0000000000
537 -151.0000000000
628 -150.0000000000
637 -146.0000000000
723 -145.0000000000
739 -144.0000000000
833 -143.0000000000
870 -142.0000000000
878 -140.0000000000
918 -138.0000000000
983 -136.0000000000
989 -135.0000000000
1000 -134.0000000000
1021 -133.0000000000
1087 -132.0000000000
1100 -131.0000000000
1135 -130.0000000000
1147 -129.0000000000
1201 -128.0000000000
1240 -127.0000000000
1290 -126.0000000000
1300 -120.0000000000
1314 -118.0000000000
1352 -115.0000000000
1354 -114.0000000000
1355 -113.0000000000
1400 -112.0000000000
1409 -110.0000000000
1494 -107.0000000000
1548 -102.0000000000
1639 -101.0000000000
1651 -100.0000000000
1697 -99.0000000000
1703 -98.0000000000
1734 -97.0000000000
1788 -95.0000000000
1898 -94.0000000000
1926 -93.0000000000
1976 -92.0000000000
1988 -91.0000000000
2024 -90.0000000000
2086 -87.0000000000
2117 -86.0000000000
2120 -85.0000000000
2215 -84.0000000000
2280 -82.0000000000
2355 -81.0000000000
2359 -80.0000000000
2462 -79.0000000000
2468 -78.0000000000
2565 -76.0000000000
2637 -72.0000000000
2642 -70.0000000000
2676 -69.0000000000
2686 -68.0000000000
2728 -66.0000000000
2772 -62.0000000000
2775 -60.0000000000
2815 -59.0000000000
2859 -58.0000000000
2861 -57.0000000000
2928 -56.0000000000
2959 -53.0000000000
3004 -52.0000000000
3016 -50.0000000000
3103 -49.0000000000
3150 -47.0000000000
3155 -46.0000000000
3158 -45.0000000000
3198 -44.0000000000
3210 -42.0000000000
3300 -41.0000000000
3305 -40.0000000000
3345 -39.0000000000
3396 -38.0000000000
3534 -37.0000000000
3536 -36.0000000000
3600 -35.0000000000
3635 -34.0000000000
3692 -31.0000000000
3744 -30.0000000000
3837 -27.0000000000
4026 -26.0000000000
4069 -23.0000000000
4170 -22.0000000000
4217 -21.0000000000
4398 -20.0000000000
4456 -19.0000000000
4501 -18.0000000000
4600 -17.0000000000
4648 -16.0000000000
4739 -15.0000000000
4887 -14.0000000000
5054 -13.0000000000
5102 -12.0000000000
5108 -11.0000000000
5151 -10.0000000000
5290 -9.0000000000
5388 -8.0000000000
5503 -7.0000000000
5764 -6.0000000000
5915 -5.0000000000
6111 -4.0000000000
6171 -3.0000000000
6270 -2.0000000000
6411 -1.0000000000
6413 394.0000000000
6571 396.0000000000
6711 401.0000000000
6849 403.0000000000
6860 404.0000000000
6944 407.0000000000
7053 412.0000000000
7282 413.0000000000
7339 417.0000000000
7436 419.0000000000
7517 420.0000000000
8005 421.0000000000
8451 422.0000000000
8591 423.0000000000
8699 424.0000000000
8787 426.0000000000
8815 427.0000000000
9429 429.0000000000
9459 431.0000000000
9799 433.0000000000
10680 434.0000000000
11957 436.0000000000
14406 437.0000000000
14838 439.0000000000
19088 440.0000000000
19246 443.0000000000
51569 444.0000000000
85026 445.0000000000
85747 446.0000000000
92121 447.0000000000
95760 448.0000000000
100052 423.0000000000
evaluations raw_y
1 -217.0000000000
2 -215.0000000000
4 -209.0000000000
5 -207.0000000000
9 -203.0000000000
28 -201.0000000000
36 -194.0000000000
67 -193.0000000000
96 -190.0000000000
116 -183.0000000000
153 -180.0000000000
161 -176.0000000000
207 -172.0000000000
211 -171.0000000000
246 -167.0000000000
259 -166.0000000000
312 -158.0000000000
403 -157.0000000000
442 -156.0000000000
457 -155.0000000000
469 -154.0000000000
490 -153.0000000000
513 -152.0000000000
520 -151.0000000000
526 -149.0000000000
556 -147.0000000000
566 -146.0000000000
621 -145.0000000000
657 -144.0000000000
670 -143.0000000000
671 -140.0000000000
718 -139.0000000000
770 -137.0000000000
807 -135.0000000000
812 -132.0000000000
897 -131.0000000000
900 -130.0000000000
944 -129.0000000000
958 -128.0000000000
998 -127.0000000000
1010 -126.0000000000
1039 -125.0000000000
1086 -124.0000000000
1100 -118.0000000000
1193 -117.0000000000
1229 -116.0000000000
1279 -115.0000000000
1372 -113.0000000000
1397 -112.0000000000
1401 -107.0000000000
1443 -106.0000000000
1457 -105.0000000000
1463 -98.0000000000
1541 -97.0000000000
1552 -95.0000000000
1587 -91.0000000000
1597 -88.0000000000
1693 -87.0000000000
1734 -86.0000000000
1735 -85.0000000000
1785 -83.0000000000
1828 -82.0000000000
1847 -81.0000000000
1882 -80.0000000000
1924 -78.0000000000
1990 -77.0000000000
2019 -76.0000000000
2069 -74.0000000000
2116 -73.0000000000
2266 -72.0000000000
2325 -71.0000000000
2357 -70.0000000000
2410 -69.0000000000
2472 -68.0000000000
2519 -67.0000000000
2570 -66.0000000000
2602 -65.0000000000
2605 -64.0000000000
2627 -59.0000000000
2716 -56.0000000000
2763 -54.0000000000
2829 -53.0000000000
2859 -52.0000000000
2878 -49.0000000000
2955 -48.0000000000
2972 -46.0000000000
3051 -45.0000000000
3099 -43.0000000000
3119 -42.0000000000
3148 -41.0000000000
3156 -40.0000000000
3339 -39.0000000000
3400 -37.0000000000
3491 -36.0000000000
3597 -35.0000000000
3707 -32.0000000000
3766 -30.0000000000
3799 -29.0000000000
3859 -28.0000000000
3891 -26.0000000000
3955 -23.0000000000
4040 -21.0000000000
4087 -20.0000000000
4132 -18.0000000000
4277 -16.0000000000
4324 -15.0000000000
4329 -14.0000000000
4517 -13.0000000000
4520 -12.0000000000
4659 -11.0000000000
4675 -10.0000000000
4805 -9.0000000000
4865 -7.0000000000
5092 -6.0000000000
5134 -5.0000000000
5175 -4.0000000000
5264 -3.0000000000
5324 -2.0000000000
5515 -1.0000000000
5644 396.0000000000
6021 397.0000000000
6065 398.0000000000
6272 403.0000000000
6331 405.0000000000
6389 407.0000000000
6486 410.0000000000
6569 415.0000000000
6708 418.0000000000
7048 419.0000000000
7542 420.0000000000
7785 421.0000000000
8068 423.0000000000
8315 427.0000000000
8932 430.0000000000
9050 433.0000000000
9516 434.0000000000
10339 435.0000000000
12688 437.0000000000
20029 438.0000000000
20722 439.0000000000
28567 440.0000000000
42539 441.0000000000
52624 442.0000000000
67376 444.0000000000
72848 445.0000000000
100052 429.0000000000
evaluations raw_y
1 -232.0000000000
2 -191.0000000000
63 -189.0000000000
72 -188.0000000000
101 -182.0000000000
109 -181.0000000000
166 -177.0000000000
195 -176.0000000000
197 -174.0000000000
216 -170.0000000000
243 -166.0000000000
249 -165.0000000000
264 -163.0000000000
298 -151.0000000000
348 -149.0000000000
350 -148.0000000000
400 -143.0000000000
409 -140.0000000000
458 -139.0000000000
490 -138.0000000000
495 -137.0000000000
533 -136.0000000000
537 -135.0000000000
543 -134.0000000000
585 -132.0000000000
602 -126.0000000000
643 -125.0000000000
677 -124.0000000000
695 -123.0000000000
727 -122.0000000000
772 -120.0000000000
841 -119.0000000000
882 -118.0000000000
884 -117.0000000000
923 -116.0000000000
926 -115.0000000000
933 -114.0000000000
979 -113.0000000000
1027 -111.0000000000
1076 -110.0000000000
1108 -109.0000000000
1118 -108.0000000000
1127 -105.0000000000
1204 -104.0000000000
1225 -102.0000000000
1252 -101.0000000000
1264 -100.0000000000
1311 -99.0000000000
1321 -98.0000000000
1356 -97.0000000000
1357 -96.0000000000
1444 -95.0000000000
1454 -94.0000000000
1490 -93.0000000000
1517 -92.0000000000
1552 -91.0000000000
1553 -90.0000000000
1595 -89.0000000000
1610 -88.0000000000
1644 -87.0000000000
1702 -86.0000000000
1745 -83.0000000000
1786 -82.0000000000
1794 -81.0000000000
1837 -80.0000000000
1902 -79.0000000000
1937 -78.0000000000
1939 -77.0000000000
1963 -76.0000000000
1998 -75.0000000000
2059 -74.0000000000
2094 -73.0000000000
2149 -72.0000000000
2162 -71.0000000000
2246 -69.0000000000
2251 -68.0000000000
2299 -67.0000000000
2350 -66.0000000000
2392 -65.0000000000
2434 -63.0000000000
2448 -62.0000000000
2484 -61.0000000000
2506 -60.0000000000
2549 -59.0000000000
2561 -57.0000000000
2568 -54.0000000000
2659 -53.0000000000
2664 -52.0000000000
2693 -50.0000000000
2756 -49.0000000000
2883 -48.0000000000
2897 -47.0000000000
2983 -46.0000000000
3049 -45.0000000000
3136 -44.0000000000
3192 -43.0000000000
3236 -42.0000000000
3320 -40.0000000000
3376 -39.0000000000
3425 -37.0000000000
3510 -36.0000000000
3524 -35.0000000000
3663 -34.0000000000
3751 -33.0000000000
3754 -32.0000000000
3829 -30.0000000000
3838 -29.0000000000
3929 -28.0000000000
3937 -27.0000000000
3979 -25.0000000000
4066 -24.0000000000
4161 -23.0000000000
4167 -22.0000000000
4317 -21.0000000000
4478 -20.0000000000
4510 -19.0000000000
4694 -18.0000000000
4698 -17.0000000000
4783 -16.0000000000
4835 -15.0000000000
4980 -14.0000000000
4995 -12.0000000000
5000 -11.0000000000
5161 -10.0000000000
5236 -9.0000000000
5252 -8.0000000000
5337 -7.0000000000
5394 -6.0000000000
5441 -5.0000000000
5523 -4.0000000000
5763 -3.0000000000
5880 -2.0000000000
6014 -1.0000000000
6298 391.0000000000
6375 397.0000000000
6655 408.0000000000
7051 415.0000000000
7486 416.0000000000
7518 417.0000000000
7533 419.0000000000
8161 420.0000000000
8288 422.0000000000
8946 424.0000000000
9352 427.0000000000
10066 428.0000000000
10553 429.0000000000
10695 430.0000000000
11568 435.0000000000
16596 436.0000000000
18518 437.0000000000
20515 438.0000000000
22360 439.0000000000
22850 440.0000000000
28107 441.0000000000
29891 444.0000000000
51154 445.0000000000
93190 446.0000000000
100052 411.0000000000
evaluations raw_y
1 -217.0000000000
2 -203.0000000000
15 -190.0000000000
21 -185.0000000000
62 -183.0000000000
65 -181.0000000000
100 -179.0000000000
104 -178.0000000000
109 -173.0000000000
120 -170.0000000000
128 -169.0000000000
129 -168.0000000000
136 -167.0000000000
178 -164.0000000000
208 -161.0000000000
243 -160.0000000000
251 -157.0000000000
264 -155.0000000000
337 -154.0000000000
354 -153.0000000000
380 -151.0000000000
389 -150.0000000000
404 -149.0000000000
415 -147.0000000000
451 -144.0000000000
497 -140.0000000000
549 -139.0000000000
582 -138.0000000000
589 -137.0000000000
596 -136.0000000000
629 -134.0000000000
690 -133.0000000000
773 -132.0000000000
780 -130.0000000000
827 -129.0000000000
840 -127.0000000000
867 -126.0000000000
917 -125.0000000000
923 -124.0000000000
983 -123.0000000000
1020 -122.0000000000
1023 -121.0000000000
1060 -119.0000000000
1160 -118.0000000000
1174 -117.0000000000
1204 -116.0000000000
1251 -115.0000000000
1311 -113.0000000000
1328 -111.0000000000
1339 -108.0000000000
1391 -102.0000000000
1467 -101.0000000000
1477 -99.0000000000
1515 -97.0000000000
1535 -94.0000000000
1571 -93.0000000000
1631 -92.0000000000
1660 -91.0000000000
1723 -90.0000000000
1759 -89.0000000000
1778 -88.0000000000
1814 -87.0000000000
1873 -85.0000000000
1901 -84.0000000000
1947 -83.0000000000
1952 -81.0000000000
2011 -80.0000000000
2055 -79.0000000000
2107 -78.0000000000
2113 -77.0000000000
2187 -76.0000000000
2199 -75.0000000000
2257 -74.0000000000
2289 -73.0000000000
2296 -71.0000000000
2390 -70.0000000000
2440 -69.0000000000
2496 -68.0000000000
2518 -66.0000000000
2602 -64.0000000000
2646 -63.0000000000
2658 -61.0000000000
2788 -57.0000000000
2855 -56.0000000000
2894 -55.0000000000
2944 -52.0000000000
3027 -51.0000000000
3047 -50.0000000000
3178 -49.0000000000
3188 -48.0000000000
3271 -47.0000000000
3273 -45.0000000000
3363 -44.0000000000
3365 -42.0000000000
3523 -41.0000000000
3652 -40.0000000000
3703 -37.0000000000
3770 -36.0000000000
3812 -35.0000000000
3904 -34.0000000000
4026 -33.0000000000
4054 -32.0000000000
4123 -31.0000000000
4218 -30.0000000000
4219 -29.0000000000
4310 -28.0000000000
4348 -27.0000000000
4360 -26.0000000000
4455 -25.0000000000
4540 -24.0000000000
4590 -23.0000000000
4725 -22.0000000000
4777 -21.0000000000
4825 -20.0000000000
4963 -19.0000000000
5001 -18.0000000000
5016 -17.0000000000
5084 -16.0000000000
5130 -15.0000000000
5216 -14.0000000000
5224 -13.0000000000
5272 -11.0000000000
5275 -10.0000000000
5366 -9.0000000000
5508 -8.0000000000
5659 -7.0000000000
5993 -6.0000000000
6113 -4.0000000000
6299 -2.0000000000
6357 386.0000000000
6585 395.0000000000
6739 397.0000000000
6783 399.0000000000
6792 403.0000000000
6940 406.0000000000
7096 408.0000000000
7175 409.0000000000
7317 411.0000000000
7458 414.0000000000
7477 417.0000000000
7720 418.0000000000
7764 419.0000000000
7956 424.0000000000
8007 425.0000000000
8140 426.0000000000
8723 427.0000000000
8778 430.0000000000
9615 436.0000000000
12304 439.0000000000
27202 440.0000000000
27284 441.0000000000
29917 442.0000000000
66309 443.0000000000
100052 186.0000000000
evaluations raw_y
1 -215.0000000000
2 -198.0000000000
3 -192.0000000000
55 -190.0000000000
60 -189.0000000000
69 -177.0000000000
122 -176.0000000000
129 -167.0000000000
180 -166.0000000000
194 -164.0000000000
221 -159.0000000000
234 -155.0000000000
240 -153.0000000000
274 -151.0000000000
361 -146.0000000000
430 -145.0000000000
433 -144.0000000000
491 -143.0000000000
495 -142.0000000000
519 -141.0000000000
556 -140.0000000000
558 -139.0000000000
566 -136.0000000000
613 -134.0000000000
623 -133.0000000000
699 -131.0000000000
721 -130.0000000000
797 -129.0000000000
799 -128.0000000000
855 -125.0000000000
904 -124.0000000000
960 -121.0000000000
991 -119.0000000000
1040 -118.0000000000
1042 -117.0000000000
1105 -115.0000000000
1139 -114.0000000000
1151 -113.0000000000
1194 -111.0000000000
1228 -110.0000000000
1284 -109.0000000000
1323 -108.0000000000
1345 -107.0000000000
1377 -105.0000000000
1410 -104.0000000000
1414 -100.0000000000
1464 -99.0000000000
1492 -94.0000000000
1539 -93.0000000000
1549 -91.0000000000
1587 -89.0000000000
1589 -88.0000000000
1596 -87.0000000000
1704 -84.0000000000
1829 -83.0000000000
1892 -81.0000000000
1938 -79.0000000000
1944 -77.0000000000
1973 -76.0000000000
1977 -75.0000000000
2118 -74.0000000000
2163 -73.0000000000
2176 -72.0000000000
2218 -71.0000000000
2307 -70.0000000000
2324 -68.0000000000
2357 -67.0000000000
2364 -66.0000000000
2423 -65.0000000000
2458 -64.0000000000
2459 -63.0000000000
2559 -61.0000000000
2606 -60.0000000000
2663 -58.0000000000
2690 -55.0000000000
2735 -53.0000000000
2776 -52.0000000000
2786 -50.0000000000
2830 -47.0000000000
2831 -45.0000000000
2863 -43.0000000000
2910 -42.0000000000
2960 -41.0000000000
3011 -40.0000000000
3022 -39.0000000000
3099 -38.0000000000
3106 -37.0000000000
3208 -36.0000000000
3216 -34.0000000000
3292 -33.0000000000
3304 -32.0000000000
3404 -31.0000000000
3436 -30.0000000000
3444 -28.0000000000
3546 -27.0000000000
3581 -25.0000000000
3726 -24.0000000000
3733 -23.0000000000
3797 -22.0000000000
3808 -21.0000000000
3917 -20.0000000000
3968 -19.0000000000
4025 -18.0000000000
4119 -17.0000000000
4196 -15.0000000000
4278 -14.0000000000
4436 -13.0000000000
4441 -12.0000000000
4654 -11.0000000000
4737 -9.0000000000
4899 -7.0000000000
4998 -6.0000000000
5013 -5.0000000000
5046 -3.0000000000
5106 -2.0000000000
5190 -1.0000000000
5443 385.0000000000
5557 394.0000000000
5793 404.0000000000
6001 407.0000000000
6439 408.0000000000
6445 411.0000000000
6547 413.0000000000
6581 414.0000000000
6681 417.0000000000
6983 421.0000000000
7413 425.0000000000
7498 426.0000000000
7841 428.0000000000
8697 429.0000000000
8747 430.0000000000
8985 431.0000000000
9049 433.0000000000
9749 438.0000000000
11435 440.0000000000
15393 441.0000000000
19529 442.0000000000
31039 443.0000000000
36797 444.0000000000
44861 445.0000000000
100052 274.0000000000
evaluations raw_y
1 -211.0000000000
2 -210.0000000000
3 -204.0000000000
14 -200.0000000000
51 -192.0000000000
58 -189.0000000000
67 -187.0000000000
105 -186.0000000000
113 -183.0000000000
160 -179.0000000000
204 -178.0000000000
210 -177.0000000000
251 -176.0000000000
256 -174.0000000000
282 -171.0000000000
303 -170.0000000000
338 -169.0000000000
355 -166.0000000000
358 -164.0000000000
367 -163.0000000000
405 -162.0000000000
419 -160.0000000000
433 -157.0000000000
477 -155.0000000000
511 -154.0000000000
518 -153.0000000000
526 -148.0000000000
561 -147.0000000000
569 -146.0000000000
577 -145.0000000000
624 -144.0000000000
652 -141.0000000000
663 -139.0000000000
671 -137.0000000000
714 -134.0000000000
759 -130.0000000000
818 -129.0000000000
862 -127.0000000000
987 -126.0000000000
1037 -125.0000000000
1044 -124.0000000000
1089 -122.0000000000
1097 -121.0000000000
1138 -120.0000000000
1189 -118.0000000000
1229 -115.0000000000
1237 -114.0000000000
1344 -112.0000000000
1350 -111.0000000000
1352 -110.0000000000
1402 -99.0000000000
1550 -98.0000000000
1557 -97.0000000000
1559 -95.0000000000
1603 -94.0000000000
1636 -88.0000000000
1692 -85.0000000000
1739 -84.0000000000
1748 -83.0000000000
1779 -82.0000000000
1791 -81.0000000000
1800 -80.0000000000
1847 -79.0000000000
1880 -78.0000000000
1926 -75.0000000000
1982 -74.0000000000
2042 -73.0000000000
2088 -72.0000000000
2173 -71.0000000000
2175 -70.0000000000
2219 -69.0000000000
2272 -68.0000000000
2357 -67.0000000000
2370 -65.0000000000
2426 -64.0000000000
2464 -62.0000000000
2519 -61.0000000000
2549 -58.0000000000
2666 -56.0000000000
2754 -55.0000000000
2842 -54.0000000000
2849 -53.0000000000
2899 -52.0000000000
2973 -51.0000000000
3002 -50.0000000000
3075 -49.0000000000
3089 -48.0000000000
3124 -47.0000000000
3183 -46.0000000000
3221 -43.0000000000
3327 -42.0000000000
3411 -41.0000000000
3512 -40.0000000000
3560 -39.0000000000
3667 -38.0000000000
3703 -36.0000000000
3764 -35.0000000000
3863 -34.0000000000
3897 -33.0000000000
3929 -32.0000000000
3933 -30.0000000000
4071 -29.0000000000
4114 -28.0000000000
4156 -27.0000000000
4165 -26.0000000000
4170 -24.0000000000
4258 -22.0000000000
4306 -21.0000000000
4409 -20.0000000000
4458 -19.0000000000
4504 -18.0000000000
4543 -15.0000000000
4697 -14.0000000000
4748 -13.0000000000
4799 -12.0000000000
4835 -11.0000000000
5003 -8.0000000000
5098 -7.0000000000
5191 -6.0000000000
5237 -4.0000000000
5333 -3.0000000000
5399 -2.0000000000
5482 -1.0000000000
5688 389.0000000000
5815 392.0000000000
5926 396.0000000000
6057 397.0000000000
6225 400.0000000000
6352 402.0000000000
6404 404.0000000000
6630 409.0000000000
6978 410.0000000000
7360 414.0000000000
8204 415.0000000000
8365 416.0000000000
8848 418.0000000000
9297 419.0000000000
9339 423.0000000000
9568 425.0000000000
10633 428.0000000000
10752 429.0000000000
12337 430.0000000000
12690 431.0000000000
14389 433.0000000000
15832 435.0000000000
17754 436.0000000000
18031 440.0000000000
23170 441.0000000000
35391 442.0000000000
100052 442.0000000000
evaluations raw_y
1 -203.0000000000
9 -201.0000000000
14 -198.0000000000
29 -194.0000000000
54 -191.0000000000
64 -187.0000000000
109 -185.0000000000
122 -182.0000000000
151 -176.0000000000
161 -175.0000000000
196 -172.0000000000
198 -171.0000000000
202 -165.0000000000
246 -162.0000000000
251 -161.0000000000
259 -157.0000000000
314 -156.0000000000
343 -155.0000000000
356 -154.0000000000
394 -153.0000000000
439 -151.0000000000
450 -150.0000000000
502 -146.0000000000
553 -145.0000000000
600 -144.0000000000
633 -142.0000000000
693 -141.0000000000
734 -140.0000000000
755 -138.0000000000
783 -137.0000000000
847 -136.0000000000
860 -135.0000000000
886 -134.0000000000
929 -133.0000000000
974 -132.0000000000
994 -130.0000000000
1045 -129.0000000000
1054 -128.0000000000
1086 -126.0000000000
1090 -125.0000000000
1133 -124.0000000000
1145 -123.0000000000
1174 -122.0000000000
1193 -121.0000000000
1235 -120.0000000000
1285 -119.0000000000
1287 -117.0000000000
1343 -109.0000000000
1393 -106.0000000000
1423 -102.0000000000
1471 -101.0000000000
1489 -99.0000000000
1569 -98.0000000000
1612 -97.0000000000
1628 -96.0000000000
1632 -95.0000000000
1712 -94.0000000000
1725 -93.0000000000
1755 -92.0000000000
1809 -91.0000000000
1824 -90.0000000000
1872 -89.0000000000
1948 -88.0000000000
1957 -87.0000000000
2005 -86.0000000000
2016 -85.0000000000
2105 -83.0000000000
2156 -82.0000000000
2187 -81.0000000000
2236 -79.0000000000
2302 -77.0000000000
2331 -76.0000000000
2398 -75.0000000000
2428 -73.0000000000
2446 -72.0000000000
2564 -71.0000000000
2580 -70.0000000000
2627 -69.0000000000
2629 -67.0000000000
2678 -65.0000000000
2756 -64.0000000000
2762 -61.0000000000
2787 -60.0000000000
2893 -57.0000000000
2904 -56.0000000000
2987 -55.0000000000
3031 -54.0000000000
3075 -53.0000000000
3126 -52.0000000000
3128 -50.0000000000
3222 -49.0000000000
3224 -48.0000000000
3330 -47.0000000000
3376 -46.0000000000
3385 -45.0000000000
3434 -44.0000000000
3509 -43.0000000000
3563 -41.0000000000
3705 -40.0000000000
3781 -38.0000000000
3837 -35.0000000000
3914 -33.0000000000
3967 -32.0000000000
4009 -31.0000000000
4144 -30.0000000000
4158 -27.0000000000
4205 -26.0000000000
4211 -25.0000000000
4312 -24.0000000000
4350 -22.0000000000
4452 -20.0000000000
4559 -19.0000000000
4601 -18.0000000000
4706 -17.0000000000
4798 -16.0000000000
4934 -15.0000000000
4936 -13.0000000000
5006 -11.0000000000
5140 -10.0000000000
5145 -8.0000000000
5147 -7.0000000000
5394 -6.0000000000
5532 -5.0000000000
5690 -4.0000000000
5968 -3.0000000000
6178 -2.0000000000
6182 -1.0000000000
6278 388.0000000000
6325 395.0000000000
6371 401.0000000000
6844 404.0000000000
6850 406.0000000000
7145 410.0000000000
7180 414.0000000000
7365 415.0000000000
7570 418.0000000000
7912 422.0000000000
8334 424.0000000000
8867 428.0000000000
9173 429.0000000000
10360 430.0000000000
10403 431.0000000000
11079 432.0000000000
11367 434.0000000000
11849 435.0000000000
13055 438.0000000000
14117 440.0000000000
20297 441.0000000000
56665 442.0000000000
65088 443.0000000000
70444 445.0000000000
100052 117.0000000000
evaluations raw_y
1 -217.0000000000
2 -211.0000000000
6 -209.0000000000
8 -194.0000000000
28 -191.0000000000
48 -189.0000000000
56 -184.0000000000
89 -181.0000000000
121 -175.0000000000
153 -174.0000000000
160 -171.0000000000
162 -169.0000000000
210 -164.0000000000
246 -159.0000000000
252 -158.0000000000
263 -157.0000000000
308 -156.0000000000
310 -153.0000000000
343 -151.0000000000
393 -150.0000000000
395 -149.0000000000
436 -146.0000000000
446 -145.0000000000
491 -143.0000000000
540 -141.0000000000
587 -140.0000000000
601 -139.0000000000
650 -138.0000000000
681 -137.0000000000
695 -136.0000000000
740 -135.0000000000
742 -134.0000000000
780 -133.0000000000
826 -132.0000000000
830 -131.0000000000
867 -130.0000000000
872 -129.0000000000
889 -127.0000000000
935 -126.0000000000
1011 -125.0000000000
1014 -124.0000000000
1021 -123.0000000000
1062 -122.0000000000
1080 -121.0000000000
1174 -120.0000000000
1208 -119.0000000000
1212 -117.0000000000
1253 -116.0000000000
1262 -115.0000000000
1305 -113.0000000000
1379 -110.0000000000
1381 -108.0000000000
1421 -107.0000000000
1436 -104.0000000000
1472 -99.0000000000
1523 -92.0000000000
1623 -89.0000000000
1670 -86.0000000000
1717 -83.0000000000
1755 -82.0000000000
1803 -78.0000000000
1907 -75.0000000000
1953 -74.0000000000
2057 -73.0000000000
2111 -71.0000000000
2207 -70.0000000000
2239 -69.0000000000
2291 -68.0000000000
2337 -66.0000000000
2432 -65.0000000000
2449 -64.0000000000
2488 -63.0000000000
2493 -60.0000000000
2533 -59.0000000000
2557 -58.0000000000
2615 -56.0000000000
2652 -55.0000000000
2698 -53.0000000000
2708 -52.0000000000
2754 -51.0000000000
2758 -48.0000000000
2806 -45.0000000000
2901 -44.0000000000
2985 -43.0000000000
3038 -42.0000000000
3075 -40.0000000000
3143 -39.0000000000
3181 -37.0000000000
3235 -36.0000000000
3334 -34.0000000000
3478 -33.0000000000
3513 -32.0000000000
3612 -31.0000000000
3710 -30.0000000000
3750 -29.0000000000
3810 -27.0000000000
3893 -26.0000000000
4004 -25.0000000000
4023 -24.0000000000
4074 -23.0000000000
4112 -22.0000000000
4113 -19.0000000000
4203 -18.0000000000
4212 -16.0000000000
4366 -15.0000000000
4539 -14.0000000000
4548 -13.0000000000
4750 -12.0000000000
4906 -10.0000000000
5002 -8.0000000000
5143 -7.0000000000
5155 -6.0000000000
5287 -5.0000000000
5429 -4.0000000000
5446 -3.0000000000
5572 -2.0000000000
5630 -1.0000000000
5735 381.0000000000
5826 386.0000000000
5916 396.0000000000
5969 403.0000000000
6068 406.0000000000
6538 407.0000000000
6648 414.0000000000
6746 423.0000000000
7320 424.0000000000
7928 428.0000000000
9477 432.0000000000
12549 434.0000000000
13167 439.0000000000
48282 440.0000000000
57643 441.0000000000
63464 442.0000000000
74011 443.0000000000
81504 444.0000000000
100052 397.0000000000
evaluations raw_y
1 -200.0000000000
38 -195.0000000000
61 -192.0000000000
66 -184.0000000000
103 -179.0000000000
127 -178.0000000000
188 -177.0000000000
201 -176.0000000000
207 -174.0000000000
229 -173.0000000000
251 -171.0000000000
253 -170.0000000000
307 -167.0000000000
374 -165.0000000000
383 -164.0000000000
421 -163.0000000000
425 -162.0000000000
471 -160.0000000000
477 -157.0000000000
526 -155.0000000000
570 -154.0000000000
574 -152.0000000000
613 -150.0000000000
699 -147.0000000000
701 -146.0000000000
753 -144.0000000000
767 -143.0000000000
768 -142.0000000000
803 -141.0000000000
814 -139.0000000000
896 -136.0000000000
897 -134.0000000000
951 -133.0000000000
1001 -132.0000000000
1010 -131.0000000000
1037 -129.0000000000
1135 -128.0000000000
1138 -127.0000000000
1234 -125.0000000000
1280 -123.0000000000
1284 -122.0000000000
1289 -121.0000000000
1311 -117.0000000000
1358 -116.0000000000
1366 -115.0000000000
1403 -113.0000000000
1406 -109.0000000000
1450 -108.0000000000
1463 -107.0000000000
1466 -106.0000000000
1496 -105.0000000000
1508 -104.0000000000
1514 -103.0000000000
1549 -101.0000000000
1590 -94.0000000000
1651 -91.0000000000
1743 -87.0000000000
1890 -86.0000000000
1929 -84.0000000000
1933 -83.0000000000
1986 -82.0000000000
2042 -80.0000000000
2080 -79.0000000000
2116 -78.0000000000
2129 -77.0000000000
2213 -76.0000000000
2215 -74.0000000000
2263 -73.0000000000
2269 -72.0000000000
2324 -71.0000000000
2374 -70.0000000000
2415 -68.0000000000
2516 -67.0000000000
2520 -66.0000000000
2535 -65.0000000000
2587 -64.0000000000
2674 -63.0000000000
2718 -61.0000000000
2764 -60.0000000000
2778 -58.0000000000
2785 -56.0000000000
2817 -55.0000000000
2822 -54.0000000000
2879 -52.0000000000
2921 -51.0000000000
2959 -50.0000000000
3058 -49.0000000000
3104 -47.0000000000
3165 -45.0000000000
3255 -43.0000000000
3302 -42.0000000000
3309 -41.0000000000
3457 -40.0000000000
3502 -39.0000000000
3537 -38.0000000000
3580 -37.0000000000
3647 -36.0000000000
3683 -35.0000000000
3728 -32.0000000000
3791 -31.0000000000
3915 -30.0000000000
3967 -29.0000000000
4030 -28.0000000000
4072 -27.0000000000
4110 -26.0000000000
4157 -25.0000000000
4212 -24.0000000000
4368 -23.0000000000
4418 -22.0000000000
4502 -21.0000000000
4652 -20.0000000000
4694 -19.0000000000
4745 -18.0000000000
4781 -17.0000000000
4832 -16.0000000000
4934 -15.0000000000
5035 -14.0000000000
5049 -12.0000000000
5187 -11.0000000000
5206 -10.0000000000
5210 -9.0000000000
5301 -8.0000000000
5349 -7.0000000000
5447 -6.0000000000
5622 -5.0000000000
6114 -4.0000000000
6218 -3.0000000000
6365 -2.0000000000
6427 -1.0000000000
6607 398.0000000000
7099 404.0000000000
7386 406.0000000000
7469 408.0000000000
7741 409.0000000000
7919 410.0000000000
8005 415.0000000000
8319 417.0000000000
8691 419.0000000000
8971 420.0000000000
9443 422.0000000000
9675 423.0000000000
10194 427.0000000000
11171 428.0000000000
11189 429.0000000000
11230 432.0000000000
12269 435.0000000000
15963 437.0000000000
21115 440.0000000000
24930 441.0000000000
25901 443.0000000000
28559 444.0000000000
68542 445.0000000000
100052 397.0000000000
evaluations raw_y
1 -211.0000000000
5 -197.0000000000
32 -192.0000000000
42 -188.0000000000
73 -182.0000000000
99 -171.0000000000
104 -165.0000000000
197 -154.0000000000
245 -151.0000000000
309 -150.0000000000
342 -149.0000000000
345 -145.0000000000
387 -144.0000000000
406 -143.0000000000
436 -142.0000000000
446 -139.0000000000
532 -138.0000000000
540 -135.0000000000
599 -134.0000000000
632 -132.0000000000
643 -131.0000000000
696 -129.0000000000
697 -127.0000000000
744 -126.0000000000
825 -125.0000000000
841 -123.0000000000
868 -122.0000000000
879 -121.0000000000
967 -120.0000000000
984 -119.0000000000
1023 -118.0000000000
1067 -117.0000000000
1107 -116.0000000000
1126 -115.0000000000
1167 -113.0000000000
1269 -110.0000000000
1364 -109.0000000000
1368 -105.0000000000
1370 -103.0000000000
1437 -98.0000000000
1439 -92.0000000000
1536 -91.0000000000
1571 -90.0000000000
1631 -89.0000000000
1681 -88.0000000000
1729 -87.0000000000
1819 -86.0000000000
1856 -84.0000000000
1919 -83.0000000000
2043 -81.0000000000
2103 -80.0000000000
2188 -79.0000000000
2198 -78.0000000000
2264 -77.0000000000
2303 -76.0000000000
2336 -74.0000000000
2427 -73.0000000000
2475 -72.0000000000
2505 -70.0000000000
2555 -66.0000000000
2569 -58.0000000000
2644 -55.0000000000
2646 -52.0000000000
2744 -51.0000000000
2749 -50.0000000000
2790 -48.0000000000
2806 -47.0000000000
2844 -46.0000000000
2855 -45.0000000000
2883 -44.0000000000
2904 -43.0000000000
2905 -40.0000000000
2982 -39.0000000000
3031 -36.0000000000
3132 -35.0000000000
3176 -34.0000000000
3226 -33.0000000000
3272 -32.0000000000
3279 -31.0000000000
3316 -30.0000000000
3320 -29.0000000000
3321 -28.0000000000
3363 -27.0000000000
3462 -26.0000000000
3574 -24.0000000000
3720 -22.0000000000
3817 -21.0000000000
3851 -20.0000000000
3945 -19.0000000000
3997 -18.0000000000
4132 -17.0000000000
4199 -16.0000000000
4241 -15.0000000000
4289 -14.0000000000
4430 -13.0000000000
4626 -12.0000000000
4727 -11.0000000000
4824 -10.0000000000
4864 -9.0000000000
4966 -8.0000000000
5005 -6.0000000000
5142 -5.0000000000
5155 -4.0000000000
5288 -3.0000000000
5337 -2.0000000000
5344 -1.0000000000
5491 371.0000000000
5574 379.0000000000
5584 380.0000000000
5621 387.0000000000
5721 390.0000000000
5835 393.0000000000
5837 394.0000000000
5986 405.0000000000
6035 412.0000000000
6140 413.0000000000
6180 415.0000000000
6221 417.0000000000
6371 419.0000000000
7058 424.0000000000
7526 426.0000000000
8465 427.0000000000
8630 429.0000000000
10762 435.0000000000
13124 436.0000000000
17255 438.0000000000
20881 439.0000000000
25145 442.0000000000
37501 443.0000000000
100052 -1.0000000000
evaluations raw_y
1 -204.0000000000
4 -201.0000000000
5 -188.0000000000
106 -186.0000000000
109 -182.0000000000
113 -177.0000000000
120 -174.0000000000
184 -173.0000000000
187 -170.0000000000
218 -166.0000000000
257 -165.0000000000
281 -164.0000000000
292 -163.0000000000
295 -159.0000000000
325 -157.0000000000
381 -155.0000000000
385 -154.0000000000
402 -152.0000000000
412 -151.0000000000
434 -150.0000000000
445 -149.0000000000
462 -148.0000000000
465 -147.0000000000
467 -144.0000000000
518 -142.0000000000
529 -141.0000000000
557 -139.0000000000
571 -135.0000000000
603 -133.0000000000
609 -132.0000000000
654 -131.0000000000
660 -129.0000000000
700 -127.0000000000
717 -126.0000000000
751 -125.0000000000
797 -123.0000000000
805 -122.0000000000
864 -120.0000000000
894 -118.0000000000
905 -117.0000000000
989 -116.0000000000
995 -114.0000000000
1004 -113.0000000000
1035 -110.0000000000
1096 -109.0000000000
1097 -108.0000000000
1137 -107.0000000000
1185 -106.0000000000
1191 -103.0000000000
1194 -102.0000000000
1244 -101.0000000000
1275 -100.0000000000
1298 -99.0000000000
1385 -98.0000000000
1400 -93.0000000000
1505 -92.0000000000
1546 -90.0000000000
1601 -89.0000000000
1638 -88.0000000000
1651 -86.0000000000
1654 -83.0000000000
1693 -82.0000000000
1740 -78.0000000000
1799 -77.0000000000
1877 -76.0000000000
1880 -74.0000000000
1925 -73.0000000000
1938 -70.0000000000
2028 -68.0000000000
2032 -66.0000000000
2137 -65.0000000000
2181 -64.0000000000
2219 -63.0000000000
2226 -61.0000000000
2279 -59.0000000000
2317 -57.0000000000
2378 -54.0000000000
2454 -53.0000000000
2505 -52.0000000000
2522 -51.0000000000
2589 -46.0000000000
2669 -45.0000000000
2671 -44.0000000000
2763 -43.0000000000
2771 -42.0000000000
2780 -40.0000000000
2824 -38.0000000000
2910 -36.0000000000
3003 -34.0000000000
3006 -32.0000000000
3162 -31.0000000000
3247 -30.0000000000
3266 -29.0000000000
3403 -28.0000000000
3483 -27.0000000000
3580 -26.0000000000
3632 -25.0000000000
3689 -24.0000000000
3719 -23.0000000000
3821 -22.0000000000
3861 -21.0000000000
3895 -18.0000000000
4001 -17.0000000000
4008 -15.0000000000
4050 -14.0000000000
4057 -13.0000000000
4150 -12.0000000000
4240 -11.0000000000
4475 -10.0000000000
4666 -9.0000000000
4805 -8.0000000000
4911 -7.0000000000
4925 -4.0000000000
5038 -3.0000000000
5174 -2.0000000000
5359 -1.0000000000
5511 377.0000000000
5894 390.0000000000
6097 404.0000000000
6534 406.0000000000
6668 410.0000000000
7110 415.0000000000
7139 418.0000000000
7720 419.0000000000
7949 420.0000000000
7991 424.0000000000
8037 426.0000000000
8272 430.0000000000
8951 432.0000000000
10372 433.0000000000
10909 435.0000000000
11716 437.0000000000
14996 438.0000000000
15475 441.0000000000
18994 443.0000000000
83837 444.0000000000
87947 445.0000000000
100052 252.0000000000
evaluations raw_y
1 -226.0000000000
2 -199.0000000000
13 -196.0000000000
32 -195.0000000000
63 -194.0000000000
65 -192.0000000000
75 -190.0000000000
91 -188.0000000000
107 -180.0000000000
110 -179.0000000000
128 -178.0000000000
161 -177.0000000000
206 -173.0000000000
213 -169.0000000000
234 -162.0000000000
273 -161.0000000000
284 -160.0000000000
331 -158.0000000000
373 -157.0000000000
378 -155.0000000000
384 -154.0000000000
426 -153.0000000000
459 -150.0000000000
475 -149.0000000000
513 -148.0000000000
523 -147.0000000000
527 -146.0000000000
570 -145.0000000000
611 -144.0000000000
621 -143.0000000000
654 -140.0000000000
702 -138.0000000000
709 -137.0000000000
800 -136.0000000000
808 -135.0000000000
816 -133.0000000000
906 -131.0000000000
944 -130.0000000000
955 -128.0000000000
993 -127.0000000000
999 -126.0000000000
1043 -124.0000000000
1056 -123.0000000000
1086 -121.0000000000
1106 -119.0000000000
1182 -118.0000000000
1198 -116.0000000000
1228 -115.0000000000
1238 -114.0000000000
1327 -112.0000000000
1360 -108.0000000000
1447 -107.0000000000
1450 -106.0000000000
1452 -105.0000000000
1457 -103.0000000000
1459 -102.0000000000
1462 -99.0000000000
1498 -96.0000000000
1542 -94.0000000000
1556 -93.0000000000
1607 -91.0000000000
1645 -90.0000000000
1683 -89.0000000000
1692 -87.0000000000
1739 -83.0000000000
1877 -82.0000000000
1924 -79.0000000000
1979 -78.0000000000
1986 -77.0000000000
2036 -76.0000000000
2123 -74.0000000000
2163 -73.0000000000
2172 -72.0000000000
2177 -71.0000000000
2264 -70.0000000000
2314 -69.0000000000
2317 -68.0000000000
2363 -67.0000000000
2418 -66.0000000000
2465 -64.0000000000
2610 -63.0000000000
2618 -62.0000000000
2621 -61.0000000000
2667 -59.0000000000
2680 -57.0000000000
2837 -56.0000000000
2848 -55.0000000000
2919 -54.0000000000
2939 -53.0000000000
2977 -52.0000000000
2980 -51.0000000000
3104 -50.0000000000
3111 -48.0000000000
3121 -47.0000000000
3213 -46.0000000000
3296 -45.0000000000
3393 -44.0000000000
3436 -43.0000000000
3440 -42.0000000000
3489 -40.0000000000
3582 -39.0000000000
3613 -38.0000000000
3684 -37.0000000000
3700 -36.0000000000
3709 -33.0000000000
3804 -32.0000000000
3856 -31.0000000000
3945 -30.0000000000
4008 -28.0000000000
4099 -27.0000000000
4185 -26.0000000000
4193 -25.0000000000
4237 -24.0000000000
4280 -23.0000000000
4325 -22.0000000000
4377 -21.0000000000
4482 -20.0000000000
4538 -19.0000000000
4682 -18.0000000000
4904 -17.0000000000
5038 -16.0000000000
5039 -13.0000000000
5133 -12.0000000000
5176 -11.0000000000
5223 -10.0000000000
5326 -8.0000000000
5422 -7.0000000000
5469 -6.0000000000
5556 -5.0000000000
5601 -4.0000000000
5665 -3.0000000000
5893 -2.0000000000
6028 -1.0000000000
6313 370.0000000000
6317 372.0000000000
6328 383.0000000000
6355 385.0000000000
6452 389.0000000000
6537 390.0000000000
6539 391.0000000000
6547 392.0000000000
6646 394.0000000000
6693 399.0000000000
7034 403.0000000000
7290 404.0000000000
7327 405.0000000000
7473 409.0000000000
7731 411.0000000000
7839 412.0000000000
8057 415.0000000000
8491 419.0000000000
8722 421.0000000000
9231 423.0000000000
9572 424.0000000000
9623 430.0000000000
11059 433.0000000000
14375 434.0000000000
15170 436.0000000000
16149 438.0000000000
16946 439.0000000000
16983 443.0000000000
32621 444.0000000000
76606 445.0000000000
100052 361.0000000000
evaluations raw_y
1 -217.0000000000
2 -210.0000000000
3 -198.0000000000
7 -185.0000000000
53 -184.0000000000
101 -183.0000000000
104 -182.0000000000
108 -181.0000000000
116 -177.0000000000
163 -175.0000000000
175 -171.0000000000
181 -167.0000000000
227 -166.0000000000
236 -164.0000000000
274 -158.0000000000
319 -157.0000000000
322 -156.0000000000
326 -154.0000000000
372 -151.0000000000
384 -147.0000000000
465 -146.0000000000
474 -144.0000000000
477 -142.0000000000
520 -140.0000000000
560 -139.0000000000
572 -137.0000000000
651 -136.0000000000
667 -135.0000000000
717 -134.0000000000
757 -133.0000000000
764 -132.0000000000
805 -131.0000000000
848 -130.0000000000
902 -129.0000000000
988 -128.0000000000
1003 -127.0000000000
1046 -126.0000000000
1047 -125.0000000000
1049 -124.0000000000
1093 -123.0000000000
1135 -122.0000000000
1197 -119.0000000000
1280 -118.0000000000
1296 -115.0000000000
1336 -114.0000000000
1361 -111.0000000000
1418 -107.0000000000
1462 -106.0000000000
1463 -104.0000000000
1547 -102.0000000000
1562 -101.0000000000
1628 -100.0000000000
1650 -99.0000000000
1686 -98.0000000000
1690 -96.0000000000
1739 -94.0000000000
1821 -92.0000000000
1849 -91.0000000000
1887 -90.0000000000
1896 -87.0000000000
2005 -86.0000000000
2010 -85.0000000000
2046 -84.0000000000
2098 -82.0000000000
2143 -81.0000000000
2227 -80.0000000000
2249 -79.0000000000
2286 -78.0000000000
2359 -77.0000000000
2365 -75.0000000000
2402 -74.0000000000
2415 -72.0000000000
2499 -71.0000000000
2504 -70.0000000000
2576 -69.0000000000
2583 -66.0000000000
2670 -65.0000000000
2675 -64.0000000000
2685 -63.0000000000
2715 -62.0000000000
2720 -58.0000000000
2786 -57.0000000000
2812 -56.0000000000
2860 -53.0000000000
2917 -52.0000000000
3011 -50.0000000000
3115 -48.0000000000
3211 -47.0000000000
3291 -46.0000000000
3344 -45.0000000000
3351 -44.0000000000
3532 -42.0000000000
3594 -41.0000000000
3628 -40.0000000000
3698 -39.0000000000
3734 -38.0000000000
3745 -37.0000000000
3829 -36.0000000000
3861 -35.0000000000
3899 -34.0000000000
3963 -33.0000000000
3973 -32.0000000000
3994 -30.0000000000
4094 -28.0000000000
4140 -27.0000000000
4232 -25.0000000000
4293 -24.0000000000
4472 -23.0000000000
4476 -22.0000000000
4623 -21.0000000000
4673 -20.0000000000
4679 -18.0000000000
4809 -17.0000000000
4953 -16.0000000000
5018 -15.0000000000
5143 -14.0000000000
5207 -13.0000000000
5264 -12.0000000000
5323 -11.0000000000
5356 -10.0000000000
5362 -9.0000000000
5411 -8.0000000000
5551 -7.0000000000
5693 -6.0000000000
5788 -5.0000000000
5894 -4.0000000000
5950 -3.0000000000
6041 -2.0000000000
6243 397.0000000000
6303 398.0000000000
6387 409.0000000000
6541 411.0000000000
6600 415.0000000000
6744 422.0000000000
8306 424.0000000000
8675 426.0000000000
8955 430.0000000000
9591 431.0000000000
9819 432.0000000000
10536 433.0000000000
11932 434.0000000000
13083 436.0000000000
14942 437.0000000000
14984 439.0000000000
23038 440.0000000000
26192 441.0000000000
29174 442.0000000000
54955 443.0000000000
64383 444.0000000000
100052 431.0000000000
evaluations raw_y
1 -221.0000000000
2 -207.0000000000
8 -206.0000000000
10 -197.0000000000
42 -192.0000000000
51 -187.0000000000
53 -183.0000000000
106 -181.0000000000
118 -180.0000000000
145 -178.0000000000
152 -172.0000000000
167 -170.0000000000
197 -169.0000000000
247 -166.0000000000
253 -164.0000000000
255 -163.0000000000
277 -160.0000000000
303 -158.0000000000
330 -157.0000000000
340 -155.0000000000
346 -154.0000000000
394 -148.0000000000
437 -147.0000000000
471 -146.0000000000
484 -144.0000000000
546 -143.0000000000
567 -142.0000000000
579 -139.0000000000
657 -133.0000000000
719 -132.0000000000
738 -131.0000000000
768 -129.0000000000
829 -127.0000000000
874 -126.0000000000
879 -125.0000000000
931 -124.0000000000
986 -121.0000000000
1068 -120.0000000000
1072 -119.0000000000
1124 -116.0000000000
1169 -112.0000000000
1251 -111.0000000000
1261 -109.0000000000
1312 -108.0000000000
1316 -106.0000000000
1356 -104.0000000000
1374 -103.0000000000
1396 -102.0000000000
1447 -99.0000000000
1484 -98.0000000000
1487 -94.0000000000
1532 -93.0000000000
1568 -92.0000000000
1579 -90.0000000000
1621 -88.0000000000
1715 -85.0000000000
1762 -83.0000000000
1776 -82.0000000000
1777 -77.0000000000
1913 -76.0000000000
1958 -75.0000000000
1998 -74.0000000000
2047 -72.0000000000
2144 -70.0000000000
2201 -68.0000000000
2210 -67.0000000000
2241 -66.0000000000
2348 -65.0000000000
2390 -64.0000000000
2484 -63.0000000000
2510 -61.0000000000
2567 -60.0000000000
2598 -58.0000000000
2602 -56.0000000000
2608 -55.0000000000
2612 -54.0000000000
2699 -52.0000000000
2711 -51.0000000000
2760 -50.0000000000
2762 -49.0000000000
2792 -47.0000000000
2837 -46.0000000000
2851 -45.0000000000
2858 -44.0000000000
2944 -43.0000000000
2998 -41.0000000000
3044 -40.0000000000
3049 -39.0000000000
3177 -37.0000000000
3190 -36.0000000000
3223 -35.0000000000
3331 -34.0000000000
3413 -31.0000000000
3521 -30.0000000000
3603 -29.0000000000
3718 -28.0000000000
3755 -27.0000000000
3802 -26.0000000000
3858 -24.0000000000
3998 -23.0000000000
4035 -22.0000000000
4067 -20.0000000000
4204 -19.0000000000
4253 -18.0000000000
4299 -17.0000000000
4353 -16.0000000000
4493 -15.0000000000
4513 -13.0000000000
4591 -12.0000000000
4829 -11.0000000000
4934 -10.0000000000
4939 -9.0000000000
5003 -8.0000000000
5050 -6.0000000000
5189 -5.0000000000
5238 -4.0000000000
5299 -3.0000000000
5445 -2.0000000000
5622 -1.0000000000
5766 376.0000000000
5955 379.0000000000
6024 380.0000000000
6026 384.0000000000
6129 398.0000000000
6277 411.0000000000
7013 413.0000000000
7041 416.0000000000
7527 421.0000000000
7830 422.0000000000
8135 424.0000000000
8586 429.0000000000
10641 433.0000000000
12507 435.0000000000
12741 437.0000000000
13445 438.0000000000
17753 439.0000000000
18763 440.0000000000
19358 441.0000000000
25864 442.0000000000
31397 444.0000000000
50084 445.0000000000
100052 141.0000000000
evaluations raw_y
1 -222.0000000000
3 -208.0000000000
5 -205.0000000000
10 -195.0000000000
51 -194.0000000000
66 -191.0000000000
70 -190.0000000000
76 -189.0000000000
89 -186.0000000000
128 -183.0000000000
135 -182.0000000000
146 -180.0000000000
180 -176.0000000000
214 -175.0000000000
222 -170.0000000000
271 -166.0000000000
282 -163.0000000000
333 -162.0000000000
363 -159.0000000000
419 -157.0000000000
421 -154.0000000000
423 -152.0000000000
465 -149.0000000000
473 -148.0000000000
513 -146.0000000000
555 -145.0000000000
566 -143.0000000000
653 -140.0000000000
711 -139.0000000000
750 -138.0000000000
800 -136.0000000000
845 -135.0000000000
865 -133.0000000000
902 -132.0000000000
945 -131.0000000000
989 -130.0000000000
995 -129.0000000000
1094 -127.0000000000
1103 -126.0000000000
1152 -124.0000000000
1180 -123.0000000000
1182 -122.0000000000
1242 -118.0000000000
1293 -117.0000000000
1359 -110.0000000000
1414 -109.0000000000
1459 -108.0000000000
1497 -104.0000000000
1505 -103.0000000000
1552 -102.0000000000
1559 -98.0000000000
1689 -97.0000000000
1692 -96.0000000000
1697 -93.0000000000
1752 -92.0000000000
1796 -91.0000000000
1797 -90.0000000000
1839 -89.0000000000
1886 -88.0000000000
1892 -86.0000000000
1975 -85.0000000000
1979 -84.0000000000
1983 -83.0000000000
2067 -82.0000000000
2080 -81.0000000000
2126 -79.0000000000
2129 -78.0000000000
2217 -76.0000000000
2221 -75.0000000000
2308 -74.0000000000
2328 -69.0000000000
2378 -68.0000000000
2455 -65.0000000000
2501 -64.0000000000
2601 -63.0000000000
2606 -62.0000000000
2646 -61.0000000000
2651 -60.0000000000
2665 -59.0000000000
2752 -58.0000000000
2810 -57.0000000000
2824 -56.0000000000
2880 -52.0000000000
2956 -51.0000000000
3051 -50.0000000000
3101 -49.0000000000
3149 -48.0000000000
3187 -47.0000000000
3263 -46.0000000000
3290 -45.0000000000
3369 -44.0000000000
3399 -42.0000000000
3532 -41.0000000000
3602 -40.0000000000
3674 -39.0000000000
3734 -38.0000000000
3840 -37.0000000000
3905 -36.0000000000
3960 -35.0000000000
4059 -34.0000000000
4110 -33.0000000000
4124 -32.0000000000
4167 -31.0000000000
4267 -28.0000000000
4400 -27.0000000000
4404 -26.0000000000
4454 -25.0000000000
4539 -23.0000000000
4603 -22.0000000000
4697 -21.0000000000
4785 -19.0000000000
4876 -18.0000000000
4945 -17.0000000000
5002 -15.0000000000
5092 -12.0000000000
5204 -11.0000000000
5258 -10.0000000000
5299 -9.0000000000
5342 -7.0000000000
5431 -6.0000000000
5523 -5.0000000000
5628 -4.0000000000
5675 -3.0000000000
5877 -2.0000000000
5966 -1.0000000000
6110 386.0000000000
6117 397.0000000000
6211 404.0000000000
6259 407.0000000000
6518 408.0000000000
6583 415.0000000000
6835 419.0000000000
7014 421.0000000000
7065 422.0000000000
7499 425.0000000000
7719 427.0000000000
7922 429.0000000000
8085 432.0000000000
9138 433.0000000000
9939 434.0000000000
11523 436.0000000000
15214 438.0000000000
20840 441.0000000000
29118 442.0000000000
46068 444.0000000000
54830 445.0000000000
55767 446.0000000000
56043 447.0000000000
100052 429.0000000000
evaluations raw_y
1 -240.0000000000
2 -228.0000000000
3 -221.0000000000
4 -204.0000000000
36 -201.0000000000
44 -188.0000000000
79 -185.0000000000
99 -183.0000000000
143 -173.0000000000
180 -171.0000000000
187 -170.0000000000
233 -167.0000000000
276 -166.0000000000
285 -164.0000000000
329 -163.0000000000
364 -158.0000000000
369 -157.0000000000
461 -156.0000000000
480 -155.0000000000
522 -154.0000000000
559 -153.0000000000
565 -152.0000000000
571 -151.0000000000
610 -150.0000000000
614 -149.0000000000
626 -148.0000000000
655 -147.0000000000
723 -146.0000000000
753 -145.0000000000
763 -143.0000000000
804 -142.0000000000
807 -141.0000000000
913 -140.0000000000
916 -139.0000000000
936 -138.0000000000
968 -137.0000000000
1040 -136.0000000000
1064 -135.0000000000
1094 -134.0000000000
1124 -133.0000000000
1142 -132.0000000000
1155 -131.0000000000
1157 -130.0000000000
1223 -126.0000000000
1299 -125.0000000000
1302 -123.0000000000
1316 -120.0000000000
1371 -119.0000000000
1375 -116.0000000000
1441 -108.0000000000
1568 -105.0000000000
1569 -104.0000000000
1582 -101.0000000000
1612 -99.0000000000
1613 -98.0000000000
1622 -96.0000000000
1680 -93.0000000000
1757 -92.0000000000
1766 -91.0000000000
1808 -88.0000000000
1824 -86.0000000000
1901 -85.0000000000
1911 -84.0000000000
1951 -82.0000000000
2046 -81.0000000000
2056 -79.0000000000
2094 -76.0000000000
2142 -75.0000000000
2239 -74.0000000000
2241 -72.0000000000
2380 -70.0000000000
2392 -69.0000000000
2432 -68.0000000000
2484 -67.0000000000
2535 -66.0000000000
2543 -64.0000000000
2593 -63.0000000000
2637 -62.0000000000
2699 -59.0000000000
2793 -57.0000000000
2806 -56.0000000000
2903 -54.0000000000
2935 -53.0000000000
3040 -52.0000000000
3081 -51.0000000000
3089 -50.0000000000
3123 -49.0000000000
3180 -48.0000000000
3219 -47.0000000000
3270 -46.0000000000
3375 -45.0000000000
3508 -43.0000000000
3519 -42.0000000000
3604 -41.0000000000
3749 -40.0000000000
3761 -39.0000000000
3813 -38.0000000000
3827 -35.0000000000
3872 -31.0000000000
3927 -29.0000000000
4064 -28.0000000000
4065 -27.0000000000
4155 -26.0000000000
4216 -25.0000000000
4265 -24.0000000000
4403 -23.0000000000
4464 -22.0000000000
4646 -21.0000000000
4655 -20.0000000000
4737 -19.0000000000
4799 -18.0000000000
4902 -16.0000000000
4960 -15.0000000000
5015 -14.0000000000
5017 -13.0000000000
5046 -12.0000000000
5112 -10.0000000000
5158 -9.0000000000
5295 -7.0000000000
5393 -5.0000000000
5493 -4.0000000000
5543 -3.0000000000
5676 -2.0000000000
5726 -1.0000000000
6010 399.0000000000
6133 400.0000000000
6249 402.0000000000
6315 406.0000000000
6373 408.0000000000
6374 416.0000000000
6768 418.0000000000
6895 420.0000000000
6953 422.0000000000
7323 426.0000000000
7912 429.0000000000
8356 430.0000000000
8984 432.0000000000
9000 433.0000000000
9282 434.0000000000
9651 438.0000000000
11100 440.0000000000
12007 441.0000000000
87161 442.0000000000
100052 430.0000000000
evaluations raw_y
1 -228.0000000000
2 -198.0000000000
29 -191.0000000000
55 -190.0000000000
75 -187.0000000000
80 -185.0000000000
84 -182.0000000000
100 -177.0000000000
108 -176.0000000000
137 -173.0000000000
162 -170.0000000000
172 -169.0000000000
203 -165.0000000000
211 -162.0000000000
252 -156.0000000000
310 -154.0000000000
343 -153.0000000000
392 -152.0000000000
398 -151.0000000000
435 -150.0000000000
452 -148.0000000000
501 -145.0000000000
549 -144.0000000000
553 -143.0000000000
586 -141.0000000000
632 -140.0000000000
683 -139.0000000000
725 -138.0000000000
740 -136.0000000000
782 -134.0000000000
830 -133.0000000000
866 -130.0000000000
905 -128.0000000000
1000 -126.0000000000
1001 -125.0000000000
1089 -124.0000000000
1098 -122.0000000000
1145 -120.0000000000
1150 -118.0000000000
1236 -117.0000000000
1311 -108.0000000000
1320 -105.0000000000
1458 -104.0000000000
1465 -102.0000000000
1505 -101.0000000000
1540 -100.0000000000
1553 -99.0000000000
1598 -98.0000000000
1640 -96.0000000000
1742 -94.0000000000
1788 -91.0000000000
1794 -90.0000000000
1890 -89.0000000000
1946 -87.0000000000
2031 -86.0000000000
2077 -84.0000000000
2132 -83.0000000000
2133 -82.0000000000
2259 -81.0000000000
2267 -80.0000000000
2270 -79.0000000000
2323 -78.0000000000
2358 -77.0000000000
2461 -76.0000000000
2543 -75.0000000000
2561 -73.0000000000
2576 -66.0000000000
2634 -65.0000000000
2684 -64.0000000000
2718 -63.0000000000
2726 -58.0000000000
2766 -57.0000000000
2861 -56.0000000000
2927 -55.0000000000
2972 -54.0000000000
2975 -52.0000000000
3055 -51.0000000000
3201 -50.0000000000
3204 -49.0000000000
3209 -48.0000000000
3265 -47.0000000000
3298 -46.0000000000
3358 -44.0000000000
3400 -43.0000000000
3455 -42.0000000000
3458 -41.0000000000
3543 -40.0000000000
3553 -39.0000000000
3627 -38.0000000000
3632 -37.0000000000
3698 -34.0000000000
3815 -33.0000000000
3858 -32.0000000000
3866 -31.0000000000
3911 -29.0000000000
4092 -28.0000000000
4132 -26.0000000000
4137 -25.0000000000
4189 -23.0000000000
4279 -22.0000000000
4339 -21.0000000000
4424 -20.0000000000
4473 -19.0000000000
4661 -18.0000000000
4707 -17.0000000000
4851 -16.0000000000
4980 -13.0000000000
5039 -11.0000000000
5070 -7.0000000000
5163 -6.0000000000
5224 -4.0000000000
5318 -3.0000000000
5417 -2.0000000000
5473 -1.0000000000
5519 365.0000000000
5650 377.0000000000
5807 378.0000000000
5937 383.0000000000
5943 386.0000000000
6039 389.0000000000
6214 392.0000000000
6254 402.0000000000
6301 403.0000000000
6404 404.0000000000
6497 405.0000000000
6535 409.0000000000
6594 415.0000000000
7254 417.0000000000
7466 419.0000000000
7746 420.0000000000
7843 423.0000000000
8171 424.0000000000
9498 426.0000000000
9539 428.0000000000
9837 429.0000000000
10390 432.0000000000
11198 435.0000000000
16113 439.0000000000
22782 440.0000000000
37890 441.0000000000
62285 443.0000000000
74613 444.0000000000
100052 423.0000000000
evaluations raw_y
1 -217.0000000000
3 -207.0000000000
7 -205.0000000000
26 -204.0000000000
30 -203.0000000000
36 -197.0000000000
58 -192.0000000000
76 -188.0000000000
79 -187.0000000000
87 -184.0000000000
92 -181.0000000000
104 -177.0000000000
137 -172.0000000000
154 -166.0000000000
177 -162.0000000000
190 -160.0000000000
270 -159.0000000000
276 -158.0000000000
285 -156.0000000000
289 -155.0000000000
317 -154.0000000000
333 -152.0000000000
377 -148.0000000000
384 -147.0000000000
413 -145.0000000000
433 -140.0000000000
482 -137.0000000000
530 -134.0000000000
566 -133.0000000000
651 -132.0000000000
666 -130.0000000000
705 -129.0000000000
718 -128.0000000000
721 -127.0000000000
770 -126.0000000000
803 -124.0000000000
862 -123.0000000000
894 -121.0000000000
897 -120.0000000000
948 -118.0000000000
990 -117.0000000000
996 -116.0000000000
1002 -114.0000000000
1085 -113.0000000000
1138 -111.0000000000
1147 -110.0000000000
1183 -109.0000000000
1228 -108.0000000000
1245 -106.0000000000
1250 -105.0000000000
1383 -104.0000000000
1385 -103.0000000000
1419 -102.0000000000
1423 -101.0000000000
1453 -95.0000000000
1502 -93.0000000000
1510 -88.0000000000
1600 -87.0000000000
1638 -86.0000000000
1645 -85.0000000000
1703 -84.0000000000
1732 -81.0000000000
1740 -80.0000000000
1796 -78.0000000000
1844 -77.0000000000
1889 -75.0000000000
1933 -73.0000000000
1973 -72.0000000000
2025 -71.0000000000
2073 -70.0000000000
2127 -67.0000000000
2310 -66.0000000000
2311 -65.0000000000
2323 -64.0000000000
2502 -63.0000000000
2507 -62.0000000000
2526 -61.0000000000
2552 -59.0000000000
2582 -54.0000000000
2642 -52.0000000000
2670 -51.0000000000
2738 -50.0000000000
2764 -48.0000000000
2817 -47.0000000000
2910 -46.0000000000
2978 -45.0000000000
3025 -44.0000000000
3070 -42.0000000000
3167 -41.0000000000
3245 -40.0000000000
3261 -39.0000000000
3389 -38.0000000000
3394 -37.0000000000
3506 -36.0000000000
3545 -35.0000000000
3682 -34.0000000000
3742 -33.0000000000
3810 -32.0000000000
3815 -29.0000000000
3892 -27.0000000000
3912 -26.0000000000
4001 -24.0000000000
4043 -21.0000000000
4245 -20.0000000000
4283 -18.0000000000
4377 -17.0000000000
4525 -16.0000000000
4527 -15.0000000000
4620 -14.0000000000
4718 -13.0000000000
4817 -12.0000000000
4858 -11.0000000000
4953 -10.0000000000
4963 -9.0000000000
5091 -8.0000000000
5220 -7.0000000000
5237 -6.0000000000
5282 -5.0000000000
5404 -4.0000000000
5505 -3.0000000000
5627 -2.0000000000
5840 -1.0000000000
6032 376.0000000000
6098 393.0000000000
6345 398.0000000000
6439 405.0000000000
6445 408.0000000000
7043 409.0000000000
7128 410.0000000000
7246 411.0000000000
7262 414.0000000000
7731 419.0000000000
7781 422.0000000000
8448 427.0000000000
9275 430.0000000000
9615 431.0000000000
10780 433.0000000000
12344 434.0000000000
13115 435.0000000000
14038 437.0000000000
15870 438.0000000000
16702 439.0000000000
17464 440.0000000000
18378 441.0000000000
24963 442.0000000000
25946 443.0000000000
26888 444.0000000000
33464 445.0000000000
45584 446.0000000000
100052 441.0000000000
evaluations raw_y
1 -206.0000000000
4 -203.0000000000
11 -200.0000000000
22 -199.0000000000
52 -193.0000000000
73 -190.0000000000
113 -186.0000000000
122 -173.0000000000
158 -171.0000000000
164 -170.0000000000
169 -168.0000000000
197 -166.0000000000
208 -156.0000000000
246 -155.0000000000
259 -153.0000000000
296 -152.0000000000
297 -145.0000000000
346 -141.0000000000
352 -138.0000000000
361 -137.0000000000
388 -136.0000000000
397 -135.0000000000
400 -134.0000000000
448 -131.0000000000
454 -130.0000000000
494 -127.0000000000
505 -125.0000000000
580 -123.0000000000
599 -120.0000000000
647 -116.0000000000
694 -115.0000000000
780 -113.0000000000
794 -112.0000000000
833 -110.0000000000
885 -109.0000000000
934 -108.0000000000
964 -107.0000000000
967 -106.0000000000
1014 -105.0000000000
1068 -104.0000000000
1076 -103.0000000000
1078 -102.0000000000
1082 -100.0000000000
1175 -99.0000000000
1208 -97.0000000000
1315 -96.0000000000
1365 -95.0000000000
1400 -94.0000000000
1447 -93.0000000000
1449 -92.0000000000
1479 -89.0000000000
1568 -85.0000000000
1581 -84.0000000000
1585 -83.0000000000
1613 -82.0000000000
1615 -81.0000000000
1669 -76.0000000000
1724 -74.0000000000
1729 -71.0000000000
1860 -69.0000000000
1920 -66.0000000000
2044 -65.0000000000
2045 -64.0000000000
2063 -63.0000000000
2110 -62.0000000000
2141 -60.0000000000
2242 -59.0000000000
2246 -58.0000000000
2379 -57.0000000000
2433 -56.0000000000
2489 -55.0000000000
2517 -54.0000000000
2540 -53.0000000000
2552 -52.0000000000
2600 -49.0000000000
2604 -46.0000000000
2699 -41.0000000000
2835 -40.0000000000
2837 -39.0000000000
2853 -36.0000000000
2891 -35.0000000000
2941 -34.0000000000
2985 -33.0000000000
3044 -32.0000000000
3138 -31.0000000000
3270 -30.0000000000
3331 -29.0000000000
3376 -28.0000000000
3468 -26.0000000000
3557 -25.0000000000
3573 -24.0000000000
3660 -23.0000000000
3768 -22.0000000000
3784 -21.0000000000
3859 -20.0000000000
3878 -19.0000000000
3972 -18.0000000000
4019 -17.0000000000
4108 -16.0000000000
4118 -15.0000000000
4170 -14.0000000000
4221 -13.0000000000
4306 -12.0000000000
4359 -11.0000000000
4417 -9.0000000000
4597 -8.0000000000
4736 -7.0000000000
4891 -6.0000000000
4942 -5.0000000000
5114 -4.0000000000
5295 -1.0000000000
5379 394.0000000000
5681 400.0000000000
5778 401.0000000000
5927 404.0000000000
5964 407.0000000000
6301 408.0000000000
6404 410.0000000000
6436 411.0000000000
6491 412.0000000000
6636 413.0000000000
6745 415.0000000000
6830 421.0000000000
6920 422.0000000000
7265 423.0000000000
7594 425.0000000000
7978 426.0000000000
8088 428.0000000000
8126 433.0000000000
9864 434.0000000000
10839 435.0000000000
11405 439.0000000000
14049 440.0000000000
21120 441.0000000000
25346 443.0000000000
35698 444.0000000000
100052 370.0000000000
evaluations raw_y
1 -188.0000000000
88 -187.0000000000
99 -185.0000000000
116 -180.0000000000
168 -178.0000000000
192 -177.0000000000
198 -174.0000000000
201 -166.0000000000
210 -165.0000000000
231 -162.0000000000
266 -156.0000000000
350 -154.0000000000
359 -153.0000000000
390 -147.0000000000
442 -144.0000000000
448 -143.0000000000
485 -142.0000000000
526 -141.0000000000
547 -139.0000000000
551 -138.0000000000
579 -137.0000000000
645 -136.0000000000
668 -133.0000000000
726 -131.0000000000
744 -127.0000000000
842 -126.0000000000
874 -125.0000000000
888 -124.0000000000
927 -122.0000000000
1003 -119.0000000000
1096 -117.0000000000
1138 -115.0000000000
1192 -114.0000000000
1245 -113.0000000000
1261 -112.0000000000
1278 -110.0000000000
1314 -109.0000000000
1341 -107.0000000000
1401 -104.0000000000
1445 -103.0000000000
1509 -102.0000000000
1553 -100.0000000000
1595 -99.0000000000
1648 -98.0000000000
1684 -97.0000000000
1699 -96.0000000000
1750 -94.0000000000
1793 -93.0000000000
1835 -92.0000000000
1877 -91.0000000000
1892 -90.0000000000
1893 -88.0000000000
1988 -87.0000000000
2025 -86.0000000000
2081 -85.0000000000
2130 -84.0000000000
2133 -83.0000000000
2165 -82.0000000000
2181 -80.0000000000
2264 -79.0000000000
2267 -78.0000000000
2323 -77.0000000000
2327 -76.0000000000
2366 -75.0000000000
2463 -74.0000000000
2503 -73.0000000000
2510 -72.0000000000
2511 -71.0000000000
2525 -69.0000000000
2538 -68.0000000000
2572 -67.0000000000
2583 -66.0000000000
2592 -65.0000000000
2624 -64.0000000000
2625 -63.0000000000
2634 -61.0000000000
2677 -54.0000000000
2681 -52.0000000000
2685 -51.0000000000
2763 -49.0000000000
2859 -48.0000000000
2865 -47.0000000000
2880 -46.0000000000
2916 -45.0000000000
2928 -43.0000000000
2967 -42.0000000000
3003 -41.0000000000
3052 -40.0000000000
3107 -39.0000000000
3118 -38.0000000000
3249 -37.0000000000
3297 -35.0000000000
3441 -33.0000000000
3550 -32.0000000000
3581 -31.0000000000
3628 -30.0000000000
3700 -27.0000000000
3795 -26.0000000000
3807 -25.0000000000
3844 -21.0000000000
3907 -20.0000000000
4038 -19.0000000000
4094 -18.0000000000
4232 -17.0000000000
4277 -16.0000000000
4421 -15.0000000000
4485 -14.0000000000
4519 -13.0000000000
4577 -12.0000000000
4679 -11.0000000000
4860 -10.0000000000
4933 -8.0000000000
4994 -7.0000000000
5039 -6.0000000000
5079 -5.0000000000
5082 -4.0000000000
5275 -3.0000000000
5361 -2.0000000000
5515 -1.0000000000
5792 379.0000000000
6033 392.0000000000
6097 393.0000000000
6260 396.0000000000
6343 397.0000000000
6446 398.0000000000
6546 399.0000000000
6572 403.0000000000
6587 405.0000000000
6707 412.0000000000
6730 414.0000000000
6743 418.0000000000
7269 422.0000000000
7405 423.0000000000
8661 424.0000000000
8664 431.0000000000
10058 435.0000000000
10761 437.0000000000
13763 439.0000000000
16668 440.0000000000
24149 441.0000000000
27621 442.0000000000
30877 443.0000000000
96270 444.0000000000
99311 445.0000000000
100052 301.0000000000
evaluations raw_y
1 -207.0000000000
2 -202.0000000000
6 -196.0000000000
15 -189.0000000000
60 -181.0000000000
70 -177.0000000000
142 -174.0000000000
158 -173.0000000000
160 -172.0000000000
167 -171.0000000000
198 -170.0000000000
211 -165.0000000000
230 -157.0000000000
286 -156.0000000000
315 -155.0000000000
320 -152.0000000000
344 -148.0000000000
392 -147.0000000000
436 -146.0000000000
456 -145.0000000000
505 -143.0000000000
533 -142.0000000000
592 -140.0000000000
635 -138.0000000000
643 -136.0000000000
677 -134.0000000000
687 -132.0000000000
695 -131.0000000000
724 -129.0000000000
772 -128.0000000000
793 -125.0000000000
889 -124.0000000000
975 -123.0000000000
985 -122.0000000000
1068 -121.0000000000
1107 -120.0000000000
1122 -119.0000000000
1150 -118.0000000000
1195 -116.0000000000
1274 -115.0000000000
1300 -114.0000000000
1302 -113.0000000000
1314 -110.0000000000
1330 -103.0000000000
1407 -102.0000000000
1412 -101.0000000000
1448 -99.0000000000
1464 -98.0000000000
1468 -97.0000000000
1508 -91.0000000000
1544 -88.0000000000
1587 -84.0000000000
1644 -81.0000000000
1732 -80.0000000000
1753 -77.0000000000
1798 -75.0000000000
1828 -74.0000000000
1847 -71.0000000000
1886 -70.0000000000
1891 -68.0000000000
1938 -67.0000000000
2025 -66.0000000000
2089 -65.0000000000
2176 -64.0000000000
2220 -62.0000000000
2358 -61.0000000000
2375 -60.0000000000
2505 -59.0000000000
2510 -58.0000000000
2559 -57.0000000000
2591 -56.0000000000
2622 -55.0000000000
2633 -54.0000000000
2641 -50.0000000000
2723 -48.0000000000
2811 -47.0000000000
2832 -46.0000000000
2911 -44.0000000000
2978 -43.0000000000
3052 -41.0000000000
3099 -40.0000000000
3147 -39.0000000000
3163 -38.0000000000
3170 -37.0000000000
3210 -36.0000000000
3306 -35.0000000000
3350 -34.0000000000
3437 -33.0000000000
3533 -32.0000000000
3546 -31.0000000000
3601 -30.0000000000
3678 -29.0000000000
3690 -28.0000000000
3774 -26.0000000000
3883 -25.0000000000
3898 -23.0000000000
3961 -21.0000000000
4046 -20.0000000000
4052 -19.0000000000
4154 -18.0000000000
4199 -17.0000000000
4295 -16.0000000000
4338 -14.0000000000
4427 -13.0000000000
4563 -12.0000000000
4621 -10.0000000000
4682 -9.0000000000
4864 -8.0000000000
4994 -6.0000000000
5036 -5.0000000000
5134 -4.0000000000
5227 -3.0000000000
5278 -1.0000000000
5414 379.0000000000
5604 382.0000000000
5758 384.0000000000
5857 385.0000000000
5931 386.0000000000
5941 394.0000000000
6091 401.0000000000
6125 402.0000000000
6248 405.0000000000
6250 411.0000000000
6259 416.0000000000
7213 417.0000000000
7317 418.0000000000
7542 424.0000000000
7888 426.0000000000
9515 427.0000000000
10277 429.0000000000
10571 433.0000000000
12111 435.0000000000
25421 436.0000000000
27149 437.0000000000
29751 439.0000000000
31222 440.0000000000
44264 443.0000000000
47055 444.0000000000
100052 354.0000000000
evaluations raw_y
1 -216.0000000000
2 -202.0000000000
4 -193.0000000000
25 -184.0000000000
41 -177.0000000000
117 -176.0000000000
147 -175.0000000000
164 -171.0000000000
184 -170.0000000000
191 -168.0000000000
194 -167.0000000000
219 -165.0000000000
267 -164.0000000000
283 -163.0000000000
287 -161.0000000000
315 -159.0000000000
368 -154.0000000000
419 -153.0000000000
470 -152.0000000000
472 -151.0000000000
474 -150.0000000000
511 -149.0000000000
516 -147.0000000000
562 -144.0000000000
607 -143.0000000000
609 -142.0000000000
623 -141.0000000000
662 -138.0000000000
704 -137.0000000000
769 -136.0000000000
797 -134.0000000000
852 -133.0000000000
855 -132.0000000000
894 -131.0000000000
908 -130.0000000000
914 -129.0000000000
955 -128.0000000000
992 -127.0000000000
1007 -126.0000000000
1041 -125.0000000000
1089 -123.0000000000
1133 -120.0000000000
1196 -119.0000000000
1237 -117.0000000000
1240 -116.0000000000
1246 -113.0000000000
1288 -111.0000000000
1378 -109.0000000000
1409 -108.0000000000
1427 -107.0000000000
1457 -105.0000000000
1492 -104.0000000000
1540 -103.0000000000
1547 -102.0000000000
1553 -100.0000000000
1589 -99.0000000000
1601 -97.0000000000
1638 -96.0000000000
1647 -95.0000000000
1655 -94.0000000000
1737 -93.0000000000
1784 -92.0000000000
1788 -91.0000000000
1829 -90.0000000000
1889 -89.0000000000
1939 -88.0000000000
2012 -87.0000000000
2027 -86.0000000000
2084 -83.0000000000
2132 -81.0000000000
2216 -80.0000000000
2263 -79.0000000000
2291 -78.0000000000
2373 -76.0000000000
2452 -75.0000000000
2457 -74.0000000000
2513 -73.0000000000
2549 -72.0000000000
2592 -67.0000000000
2636 -65.0000000000
2690 -63.0000000000
2729 -62.0000000000
2737 -60.0000000000
2766 -58.0000000000
2816 -57.0000000000
2871 -56.0000000000
2881 -54.0000000000
2972 -53.0000000000
3056 -52.0000000000
3068 -51.0000000000
3099 -49.0000000000
3158 -48.0000000000
3202 -47.0000000000
3204 -46.0000000000
3298 -45.0000000000
3389 -44.0000000000
3484 -43.0000000000
3498 -42.0000000000
3546 -41.0000000000
3550 -40.0000000000
3595 -39.0000000000
3631 -37.0000000000
3676 -36.0000000000
3747 -33.0000000000
3850 -31.0000000000
3896 -28.0000000000
3903 -27.0000000000
3989 -25.0000000000
4009 -24.0000000000
4043 -22.0000000000
4085 -20.0000000000
4199 -19.0000000000
4232 -18.0000000000
4237 -17.0000000000
4382 -16.0000000000
4472 -15.0000000000
4716 -13.0000000000
4722 -12.0000000000
4865 -11.0000000000
4913 -10.0000000000
4961 -9.0000000000
5044 -8.0000000000
5204 -7.0000000000
5481 -6.0000000000
5544 -4.0000000000
5689 -3.0000000000
5909 -2.0000000000
6014 -1.0000000000
6182 396.0000000000
6234 397.0000000000
6274 402.0000000000
6286 403.0000000000
6323 409.0000000000
6766 412.0000000000
6846 413.0000000000
6989 418.0000000000
7374 425.0000000000
7914 426.0000000000
7999 429.0000000000
8241 430.0000000000
8668 431.0000000000
9211 433.0000000000
10026 434.0000000000
10167 435.0000000000
10362 436.0000000000
10838 437.0000000000
11278 438.0000000000
11762 439.0000000000
12433 441.0000000000
16022 442.0000000000
24006 443.0000000000
27192 444.0000000000
30056 445.0000000000
34907 446.0000000000
100052 348.0000000000
evaluations raw_y
1 -231.0000000000
2 -227.0000000000
3 -209.0000000000
9 -208.0000000000
10 -207.0000000000
14 -195.0000000000
23 -190.0000000000
66 -184.0000000000
116 -172.0000000000
199 -167.0000000000
209 -166.0000000000
232 -164.0000000000
242 -163.0000000000
271 -162.0000000000
275 -158.0000000000
318 -157.0000000000
364 -155.0000000000
375 -152.0000000000
381 -150.0000000000
423 -147.0000000000
464 -146.0000000000
507 -144.0000000000
518 -142.0000000000
562 -141.0000000000
624 -139.0000000000
648 -138.0000000000
665 -137.0000000000
676 -136.0000000000
682 -135.0000000000
698 -134.0000000000
709 -131.0000000000
790 -129.0000000000
817 -127.0000000000
856 -126.0000000000
901 -125.0000000000
910 -124.0000000000
948 -123.0000000000
994 -121.0000000000
995 -119.0000000000
1053 -118.0000000000
1090 -117.0000000000
1135 -116.0000000000
1150 -115.0000000000
1180 -114.0000000000
1202 -113.0000000000
1237 -112.0000000000
1280 -110.0000000000
1302 -106.0000000000
1349 -105.0000000000
1355 -104.0000000000
1368 -103.0000000000
1396 -99.0000000000
1404 -98.0000000000
1452 -96.0000000000
1456 -95.0000000000
1496 -94.0000000000
1551 -93.0000000000
1591 -92.0000000000
1594 -90.0000000000
1599 -89.0000000000
1684 -87.0000000000
1794 -86.0000000000
1798 -85.0000000000
1895 -84.0000000000
1982 -83.0000000000
2019 -82.0000000000
2026 -81.0000000000
2124 -80.0000000000
2163 -79.0000000000
2186 -78.0000000000
2228 -77.0000000000
2267 -76.0000000000
2372 -75.0000000000
2424 -73.0000000000
2474 -70.0000000000
2574 -68.0000000000
2599 -67.0000000000
2672 -66.0000000000
2680 -64.0000000000
2718 -63.0000000000
2780 -62.0000000000
2784 -61.0000000000
2818 -58.0000000000
2975 -57.0000000000
3025 -56.0000000000
3084 -55.0000000000
3147 -53.0000000000
3200 -52.0000000000
3217 -51.0000000000
3258 -50.0000000000
3346 -49.0000000000
3402 -48.0000000000
3449 -46.0000000000
3509 -45.0000000000
3521 -44.0000000000
3602 -43.0000000000
3611 -42.0000000000
3664 -41.0000000000
3672 -40.0000000000
3703 -39.0000000000
3718 -37.0000000000
3735 -34.0000000000
3842 -32.0000000000
3918 -31.0000000000
3934 -29.0000000000
3971 -28.0000000000
4031 -27.0000000000
4059 -26.0000000000
4107 -25.0000000000
4118 -24.0000000000
4158 -23.0000000000
4175 -21.0000000000
4354 -20.0000000000
4591 -19.0000000000
4637 -18.0000000000
4796 -17.0000000000
4849 -16.0000000000
4933 -15.0000000000
4989 -14.0000000000
5020 -13.0000000000
5148 -12.0000000000
5158 -10.0000000000
5294 -9.0000000000
5295 -8.0000000000
5344 -7.0000000000
5475 -6.0000000000
5624 -5.0000000000
5678 -4.0000000000
5768 -3.0000000000
5922 -2.0000000000
6109 -1.0000000000
6165 365.0000000000
6255 387.0000000000
6307 389.0000000000
6387 401.0000000000
6713 407.0000000000
6794 414.0000000000
7015 418.0000000000
7095 420.0000000000
7398 422.0000000000
8069 425.0000000000
8373 427.0000000000
10649 428.0000000000
10848 429.0000000000
11790 432.0000000000
12460 434.0000000000
13327 436.0000000000
13719 438.0000000000
14394 439.0000000000
15819 440.0000000000
16933 442.0000000000
22187 443.0000000000
90370 444.0000000000
93854 445.0000000000
100052 260.0000000000
evaluations raw_y
1 -233.0000000000
2 -213.0000000000
3 -211.0000000000
9 -207.0000000000
12 -200.0000000000
23 -193.0000000000
41 -187.0000000000
113 -182.0000000000
127 -179.0000000000
161 -173.0000000000
205 -172.0000000000
210 -171.0000000000
226 -170.0000000000
228 -169.0000000000
240 -165.0000000000
242 -164.0000000000
261 -160.0000000000
281 -156.0000000000
317 -154.0000000000
333 -153.0000000000
363 -151.0000000000
365 -147.0000000000
419 -146.0000000000
431 -144.0000000000
478 -143.0000000000
508 -141.0000000000
510 -140.0000000000
557 -139.0000000000
562 -138.0000000000
575 -136.0000000000
606 -135.0000000000
620 -133.0000000000
703 -132.0000000000
709 -131.0000000000
713 -130.0000000000
748 -128.0000000000
754 -127.0000000000
755 -126.0000000000
757 -125.0000000000
801 -121.0000000000
849 -119.0000000000
905 -117.0000000000
945 -116.0000000000
961 -115.0000000000
993 -113.0000000000
1039 -112.0000000000
1091 -109.0000000000
1190 -108.0000000000
1198 -107.0000000000
1231 -106.0000000000
1283 -103.0000000000
1290 -101.0000000000
1323 -100.0000000000
1336 -99.0000000000
1374 -98.0000000000
1381 -97.0000000000
1433 -95.0000000000
1474 -94.0000000000
1482 -93.0000000000
1513 -89.0000000000
1564 -88.0000000000
1646 -84.0000000000
1691 -82.0000000000
1733 -78.0000000000
1800 -76.0000000000
1830 -74.0000000000
1878 -73.0000000000
1898 -72.0000000000
1929 -70.0000000000
1994 -64.0000000000
2074 -62.0000000000
2131 -60.0000000000
2135 -59.0000000000
2220 -58.0000000000
2282 -56.0000000000
2373 -55.0000000000
2426 -54.0000000000
2454 -53.0000000000
2467 -52.0000000000
2504 -51.0000000000
2553 -50.0000000000
2607 -48.0000000000
2632 -47.0000000000
2686 -46.0000000000
2716 -44.0000000000
2731 -42.0000000000
2778 -41.0000000000
2780 -39.0000000000
2868 -37.0000000000
2955 -36.0000000000
2959 -33.0000000000
3008 -32.0000000000
3117 -31.0000000000
3211 -30.0000000000
3259 -28.0000000000
3389 -27.0000000000
3405 -26.0000000000
3436 -25.0000000000
3456 -23.0000000000
3493 -22.0000000000
3587 -21.0000000000
3630 -20.0000000000
3680 -18.0000000000
3800 -16.0000000000
3850 -15.0000000000
3911 -13.0000000000
4035 -11.0000000000
4133 -10.0000000000
4228 -9.0000000000
4324 -8.0000000000
4434 -7.0000000000
4624 -6.0000000000
4773 -5.0000000000
4959 -4.0000000000
5122 -3.0000000000
5173 -2.0000000000
5262 -1.0000000000
5273 404.0000000000
5363 405.0000000000
5664 406.0000000000
5792 410.0000000000
5935 411.0000000000
5984 412.0000000000
6096 413.0000000000
6188 414.0000000000
6393 415.0000000000
6425 416.0000000000
6441 418.0000000000
6887 420.0000000000
6907 421.0000000000
6948 424.0000000000
7356 427.0000000000
7571 428.0000000000
7871 429.0000000000
8764 430.0000000000
8920 431.0000000000
9392 434.0000000000
10839 435.0000000000
11606 436.0000000000
19214 438.0000000000
19644 439.0000000000
20068 440.0000000000
20857 441.0000000000
21235 444.0000000000
100052 247.0000000000
evaluations raw_y
1 -225.0000000000
2 -221.0000000000
4 -206.0000000000
15 -202.0000000000
21 -201.0000000000
29 -192.0000000000
117 -191.0000000000
120 -187.0000000000
155 -186.0000000000
169 -185.0000000000
196 -179.0000000000
249 -178.0000000000
250 -177.0000000000
252 -174.0000000000
261 -172.0000000000
310 -170.0000000000
311 -169.0000000000
345 -165.0000000000
404 -164.0000000000
408 -162.0000000000
456 -160.0000000000
494 -158.0000000000
549 -156.0000000000
584 -155.0000000000
587 -154.0000000000
638 -153.0000000000
683 -150.0000000000
687 -149.0000000000
731 -146.0000000000
792 -144.0000000000
837 -143.0000000000
868 -140.0000000000
889 -139.0000000000
926 -138.0000000000
969 -135.0000000000
1018 -134.0000000000
1031 -133.0000000000
1065 -132.0000000000
1109 -130.0000000000
1114 -129.0000000000
1125 -128.0000000000
1159 -127.0000000000
1178 -125.0000000000
1255 -123.0000000000
1264 -121.0000000000
1266 -120.0000000000
1328 -112.0000000000
1374 -109.0000000000
1392 -108.0000000000
1393 -107.0000000000
1421 -105.0000000000
1432 -100.0000000000
1489 -99.0000000000
1564 -96.0000000000
1611 -91.0000000000
1668 -88.0000000000
1711 -86.0000000000
1763 -84.0000000000
1817 -83.0000000000
1856 -80.0000000000
1870 -79.0000000000
1953 -78.0000000000
1964 -77.0000000000
2095 -74.0000000000
2158 -73.0000000000
2200 -72.0000000000
2239 -71.0000000000
2298 -70.0000000000
2341 -68.0000000000
2388 -67.0000000000
2396 -66.0000000000
2437 -65.0000000000
2445 -64.0000000000
2552 -63.0000000000
2569 -62.0000000000
2601 -59.0000000000
2650 -58.0000000000
2663 -56.0000000000
2739 -55.0000000000
2750 -54.0000000000
2802 -53.0000000000
2893 -49.0000000000
2995 -48.0000000000
3126 -47.0000000000
3127 -46.0000000000
3144 -45.0000000000
3270 -44.0000000000
3279 -41.0000000000
3371 -40.0000000000
3469 -37.0000000000
3569 -36.0000000000
3620 -35.0000000000
3806 -34.0000000000
3819 -33.0000000000
3885 -31.0000000000
3970 -30.0000000000
4025 -29.0000000000
4072 -28.0000000000
4129 -27.0000000000
4214 -25.0000000000
4266 -24.0000000000
4271 -23.0000000000
4397 -22.0000000000
4465 -21.0000000000
4689 -20.0000000000
4748 -19.0000000000
4877 -18.0000000000
4888 -17.0000000000
5055 -15.0000000000
5140 -14.0000000000
5197 -13.0000000000
5236 -12.0000000000
5294 -11.0000000000
5395 -9.0000000000
5485 -8.0000000000
5572 -7.0000000000
5641 -6.0000000000
5720 -5.0000000000
5737 -4.0000000000
5882 -3.0000000000
6107 -2.0000000000
6165 -1.0000000000
6258 391.0000000000
6266 395.0000000000
6272 405.0000000000
6433 409.0000000000
6608 411.0000000000
6703 412.0000000000
6706 414.0000000000
6904 416.0000000000
7055 417.0000000000
7151 418.0000000000
7200 421.0000000000
7201 427.0000000000
8112 428.0000000000
8194 430.0000000000
8939 433.0000000000
9702 435.0000000000
10726 437.0000000000
11655 438.0000000000
11719 439.0000000000
14109 441.0000000000
21824 442.0000000000
22019 443.0000000000
26349 444.0000000000
100052 328.0000000000
evaluations raw_y
1 -208.0000000000
3 -204.0000000000
13 -200.0000000000
16 -199.0000000000
27 -197.0000000000
55 -192.0000000000
57 -190.0000000000
64 -187.0000000000
121 -184.0000000000
144 -173.0000000000
150 -172.0000000000
162 -171.0000000000
168 -169.0000000000
255 -166.0000000000
261 -163.0000000000
300 -161.0000000000
302 -159.0000000000
312 -158.0000000000
314 -157.0000000000
388 -156.0000000000
402 -155.0000000000
442 -153.0000000000
458 -151.0000000000
480 -150.0000000000
529 -149.0000000000
539 -147.0000000000
562 -144.0000000000
631 -143.0000000000
635 -142.0000000000
671 -141.0000000000
694 -140.0000000000
711 -139.0000000000
732 -136.0000000000
772 -135.0000000000
811 -134.0000000000
831 -133.0000000000
848 -130.0000000000
891 -129.0000000000
897 -128.0000000000
953 -127.0000000000
960 -125.0000000000
1036 -123.0000000000
1039 -121.0000000000
1085 -118.0000000000
1099 -117.0000000000
1150 -116.0000000000
1182 -115.0000000000
1241 -112.0000000000
1293 -110.0000000000
1327 -108.0000000000
1354 -107.0000000000
1363 -106.0000000000
1365 -104.0000000000
1396 -99.0000000000
1414 -97.0000000000
1447 -94.0000000000
1494 -93.0000000000
1504 -92.0000000000
1511 -89.0000000000
1550 -87.0000000000
1552 -81.0000000000
1656 -80.0000000000
1695 -74.0000000000
1781 -71.0000000000
1845 -70.0000000000
1848 -69.0000000000
1879 -67.0000000000
2022 -66.0000000000
2042 -65.0000000000
2078 -64.0000000000
2163 -62.0000000000
2233 -61.0000000000
2330 -60.0000000000
2409 -58.0000000000
2519 -57.0000000000
2564 -56.0000000000
2614 -55.0000000000
2663 -54.0000000000
2688 -53.0000000000
2717 -52.0000000000
2724 -50.0000000000
2824 -49.0000000000
2944 -48.0000000000
2988 -47.0000000000
3033 -46.0000000000
3081 -45.0000000000
3088 -44.0000000000
3172 -43.0000000000
3188 -42.0000000000
3192 -41.0000000000
3269 -40.0000000000
3369 -39.0000000000
3385 -38.0000000000
3424 -36.0000000000
3450 -35.0000000000
3511 -33.0000000000
3654 -32.0000000000
3673 -31.0000000000
3735 -30.0000000000
3779 -26.0000000000
3875 -25.0000000000
3888 -23.0000000000
4021 -22.0000000000
4023 -20.0000000000
4077 -19.0000000000
4116 -17.0000000000
4203 -16.0000000000
4272 -15.0000000000
4462 -13.0000000000
4550 -12.0000000000
4635 -11.0000000000
4686 -10.0000000000
4877 -9.0000000000
4894 -8.0000000000
4965 -6.0000000000
5043 -4.0000000000
5095 -3.0000000000
5142 -1.0000000000
5295 388.0000000000
5348 398.0000000000
5582 400.0000000000
5590 409.0000000000
5681 413.0000000000
5682 414.0000000000
6070 416.0000000000
6292 420.0000000000
6505 421.0000000000
6741 422.0000000000
6965 424.0000000000
7301 426.0000000000
8315 428.0000000000
9108 432.0000000000
10611 435.0000000000
10813 436.0000000000
14141 438.0000000000
15742 440.0000000000
16215 442.0000000000
23944 443.0000000000
25058 444.0000000000
31012 445.0000000000
100052 277.0000000000
evaluations raw_y
1 -214.0000000000
3 -191.0000000000
62 -189.0000000000
104 -186.0000000000
113 -185.0000000000
115 -175.0000000000
166 -173.0000000000
212 -172.0000000000
220 -171.0000000000
250 -170.0000000000
253 -168.0000000000
258 -167.0000000000
264 -164.0000000000
266 -162.0000000000
298 -161.0000000000
348 -159.0000000000
353 -156.0000000000
359 -154.0000000000
396 -153.0000000000
446 -151.0000000000
484 -150.0000000000
498 -149.0000000000
534 -147.0000000000
548 -144.0000000000
627 -143.0000000000
643 -142.0000000000
650 -139.0000000000
688 -138.0000000000
725 -137.0000000000
771 -136.0000000000
789 -135.0000000000
792 -133.0000000000
825 -132.0000000000
831 -131.0000000000
869 -129.0000000000
917 -127.0000000000
1015 -125.0000000000
1065 -124.0000000000
1111 -123.0000000000
1156 -121.0000000000
1169 -120.0000000000
1217 -119.0000000000
1218 -118.0000000000
1262 -117.0000000000
1267 -115.0000000000
1310 -112.0000000000
1325 -109.0000000000
1371 -104.0000000000
1420 -102.0000000000
1469 -99.0000000000
1472 -98.0000000000
1475 -97.0000000000
1522 -96.0000000000
1537 -95.0000000000
1567 -93.0000000000
1575 -92.0000000000
1611 -89.0000000000
1614 -88.0000000000
1627 -87.0000000000
1660 -86.0000000000
1709 -84.0000000000
1711 -83.0000000000
1713 -78.0000000000
1853 -76.0000000000
1868 -75.0000000000
1951 -74.0000000000
1961 -72.0000000000
2003 -71.0000000000
2011 -66.0000000000
2140 -65.0000000000
2194 -64.0000000000
2205 -63.0000000000
2210 -62.0000000000
2242 -61.0000000000
2429 -60.0000000000
2438 -59.0000000000
2446 -58.0000000000
2529 -57.0000000000
2574 -56.0000000000
2624 -55.0000000000
2696 -52.0000000000
2762 -50.0000000000
2855 -49.0000000000
2858 -48.0000000000
2994 -47.0000000000
3002 -46.0000000000
3047 -45.0000000000
3091 -44.0000000000
3128 -43.0000000000
3277 -42.0000000000
3320 -41.0000000000
3324 -40.0000000000
3371 -39.0000000000
3376 -37.0000000000
3421 -36.0000000000
3480 -34.0000000000
3567 -33.0000000000
3666 -32.0000000000
3736 -29.0000000000
3829 -26.0000000000
3890 -25.0000000000
3967 -24.0000000000
4063 -22.0000000000
4127 -20.0000000000
4221 -19.0000000000
4301 -18.0000000000
4410 -17.0000000000
4498 -16.0000000000
4605 -15.0000000000
4644 -14.0000000000
4689 -13.0000000000
4794 -12.0000000000
4832 -11.0000000000
4891 -10.0000000000
5051 -9.0000000000
5072 -8.0000000000
5201 -7.0000000000
5284 -5.0000000000
5413 -4.0000000000
5650 -3.0000000000
5797 -2.0000000000
5905 -1.0000000000
6034 364.0000000000
6133 380.0000000000
6180 381.0000000000
6265 386.0000000000
6352 388.0000000000
6388 395.0000000000
6420 396.0000000000
6502 402.0000000000
6566 409.0000000000
7052 413.0000000000
7086 418.0000000000
8094 421.0000000000
10251 424.0000000000
10703 425.0000000000
11171 429.0000000000
12139 430.0000000000
12862 435.0000000000
14384 438.0000000000
23907 439.0000000000
25021 441.0000000000
27246 442.0000000000
29262 443.0000000000
36977 444.0000000000
50450 446.0000000000
100052 210.0000000000
