evaluations raw_y
1 -222.0000000000
2 -212.0000000000
3 -203.0000000000
15 -194.0000000000
54 -189.0000000000
67 -184.0000000000
74 -180.0000000000
119 -173.0000000000
170 -172.0000000000
205 -167.0000000000
215 -163.0000000000
254 -160.0000000000
262 -154.0000000000
346 -150.0000000000
351 -149.0000000000
389 -148.0000000000
440 -146.0000000000
504 -144.0000000000
537 -143.0000000000
540 -140.0000000000
587 -139.0000000000
592 -138.0000000000
632 -137.0000000000
646 -136.0000000000
676 -135.0000000000
677 -133.0000000000
737 -131.0000000000
825 -129.0000000000
880 -128.0000000000
917 -127.0000000000
932 -126.0000000000
973 -125.0000000000
1022 -123.0000000000
1064 -121.0000000000
1122 -120.0000000000
1172 -119.0000000000
1206 -118.0000000000
1211 -117.0000000000
1216 -116.0000000000
1264 -115.0000000000
1312 -114.0000000000
1316 -110.0000000000
1407 -109.0000000000
1419 -108.0000000000
1424 -106.0000000000
1433 -104.0000000000
1471 -98.0000000000
1523 -96.0000000000
1568 -95.0000000000
1582 -94.0000000000
1659 -93.0000000000
1664 -91.0000000000
1670 -90.0000000000
1709 -89.0000000000
1713 -88.0000000000
1725 -87.0000000000
1768 -85.0000000000
1857 -82.0000000000
1955 -81.0000000000
2001 -80.0000000000
2066 -79.0000000000
2109 -78.0000000000
2200 -77.0000000000
2239 -76.0000000000
2246 -75.0000000000
2301 -74.0000000000
2383 -72.0000000000
2439 -71.0000000000
2489 -70.0000000000
2535 -69.0000000000
2540 -68.0000000000
2562 -65.0000000000
2695 -62.0000000000
2787 -59.0000000000
2841 -58.0000000000
2885 -57.0000000000
2888 -56.0000000000
3000 -55.0000000000
3030 -53.0000000000
3140 -52.0000000000
3181 -51.0000000000
3233 -50.0000000000
3268 -49.0000000000
3317 -48.0000000000
3374 -46.0000000000
3417 -45.0000000000
3521 -44.0000000000
3563 -43.0000000000
3674 -42.0000000000
3712 -41.0000000000
3796 -40.0000000000
3850 -39.0000000000
3912 -38.0000000000
4009 -36.0000000000
4104 -35.0000000000
4150 -34.0000000000
4189 -33.0000000000
4323 -32.0000000000
4374 -30.0000000000
4420 -29.0000000000
4468 -27.0000000000
4568 -25.0000000000
4671 -24.0000000000
4764 -23.0000000000
4805 -22.0000000000
4854 -21.0000000000
4909 -20.0000000000
4930 -19.0000000000
4946 -18.0000000000
5077 -17.0000000000
5080 -16.0000000000
5169 -15.0000000000
5215 -14.0000000000
5499 -13.0000000000
5552 -12.0000000000
5743 -11.0000000000
5798 -10.0000000000
5838 -9.0000000000
5983 -8.0000000000
6079 -7.0000000000
6166 -6.0000000000
6207 -4.0000000000
6339 -3.0000000000
6494 -2.0000000000
6694 -1.0000000000
6919 385.0000000000
7107 393.0000000000
7252 394.0000000000
7399 395.0000000000
7449 397.0000000000
7509 403.0000000000
7549 406.0000000000
7818 407.0000000000
7882 410.0000000000
8035 413.0000000000
8051 414.0000000000
8273 416.0000000000
8689 420.0000000000
9007 425.0000000000
9353 426.0000000000
9648 433.0000000000
10315 435.0000000000
14100 436.0000000000
20285 437.0000000000
26309 438.0000000000
27429 439.0000000000
28734 440.0000000000
29164 441.0000000000
35524 442.0000000000
48336 443.0000000000
83119 444.0000000000
100052 432.0000000000
evaluations raw_y
1 -236.0000000000
2 -223.0000000000
4 -199.0000000000
5 -190.0000000000
98 -181.0000000000
139 -178.0000000000
144 -175.0000000000
164 -172.0000000000
191 -167.0000000000
206 -161.0000000000
287 -160.0000000000
289 -157.0000000000
320 -156.0000000000
338 -154.0000000000
352 -153.0000000000
362 -150.0000000000
381 -147.0000000000
395 -146.0000000000
435 -143.0000000000
442 -142.0000000000
484 -140.0000000000
538 -138.0000000000
543 -137.0000000000
612 -136.0000000000
647 -135.0000000000
668 -134.0000000000
683 -133.0000000000
690 -130.0000000000
719 -126.0000000000
807 -124.0000000000
812 -122.0000000000
830 -121.0000000000
879 -120.0000000000
906 -119.0000000000
912 -118.0000000000
918 -116.0000000000
975 -115.0000000000
983 -113.0000000000
1033 -112.0000000000
1071 -111.0000000000
1108 -110.0000000000
1146 -109.0000000000
1179 -108.0000000000
1187 -107.0000000000
1220 -106.0000000000
1300 -105.0000000000
1306 -104.0000000000
1359 -101.0000000000
1403 -99.0000000000
1418 -98.0000000000
1445 -97.0000000000
1449 -95.0000000000
1465 -94.0000000000
1491 -92.0000000000
1503 -91.0000000000
1539 -88.0000000000
1604 -86.0000000000
1658 -84.0000000000
1698 -83.0000000000
1753 -82.0000000000
1797 -80.0000000000
1839 -77.0000000000
1896 -75.0000000000
1944 -74.0000000000
1988 -72.0000000000
2081 -70.0000000000
2135 -68.0000000000
2269 -66.0000000000
2274 -65.0000000000
2330 -64.0000000000
2409 -62.0000000000
2473 -61.0000000000
2510 -59.0000000000
2593 -58.0000000000
2608 -55.0000000000
2624 -54.0000000000
2636 -49.0000000000
2678 -48.0000000000
2716 -45.0000000000
2735 -44.0000000000
2825 -43.0000000000
2876 -42.0000000000
2880 -41.0000000000
3015 -40.0000000000
3073 -38.0000000000
3202 -36.0000000000
3247 -35.0000000000
3254 -34.0000000000
3339 -33.0000000000
3391 -32.0000000000
3502 -31.0000000000
3589 -30.0000000000
3649 -29.0000000000
3696 -28.0000000000
3728 -27.0000000000
3781 -26.0000000000
3830 -25.0000000000
3858 -24.0000000000
3904 -23.0000000000
3948 -21.0000000000
4051 -19.0000000000
4093 -18.0000000000
4102 -17.0000000000
4194 -16.0000000000
4240 -15.0000000000
4329 -13.0000000000
4442 -12.0000000000
4520 -11.0000000000
4586 -10.0000000000
4713 -9.0000000000
4759 -8.0000000000
4996 -7.0000000000
5066 -6.0000000000
5123 -5.0000000000
5232 -4.0000000000
5357 -3.0000000000
5370 -2.0000000000
5505 -1.0000000000
5550 382.0000000000
5654 389.0000000000
5836 400.0000000000
6126 402.0000000000
6184 408.0000000000
6224 410.0000000000
6658 413.0000000000
6674 415.0000000000
6948 416.0000000000
6996 417.0000000000
7056 418.0000000000
7428 421.0000000000
7570 424.0000000000
7800 425.0000000000
7868 426.0000000000
8135 427.0000000000
8635 428.0000000000
8717 430.0000000000
8928 432.0000000000
9051 434.0000000000
15709 435.0000000000
21173 439.0000000000
29594 440.0000000000
30012 442.0000000000
100052 223.0000000000
evaluations raw_y
1 -207.0000000000
15 -193.0000000000
57 -188.0000000000
61 -182.0000000000
99 -172.0000000000
118 -166.0000000000
199 -156.0000000000
259 -154.0000000000
295 -153.0000000000
314 -152.0000000000
339 -147.0000000000
387 -146.0000000000
436 -145.0000000000
447 -142.0000000000
487 -141.0000000000
506 -139.0000000000
593 -137.0000000000
628 -136.0000000000
629 -135.0000000000
637 -134.0000000000
644 -132.0000000000
743 -130.0000000000
788 -128.0000000000
883 -127.0000000000
890 -126.0000000000
969 -125.0000000000
971 -124.0000000000
980 -123.0000000000
1016 -122.0000000000
1073 -119.0000000000
1166 -118.0000000000
1209 -117.0000000000
1225 -116.0000000000
1253 -115.0000000000
1271 -114.0000000000
1273 -113.0000000000
1352 -112.0000000000
1400 -110.0000000000
1407 -109.0000000000
1499 -108.0000000000
1503 -107.0000000000
1586 -106.0000000000
1620 -105.0000000000
1664 -104.0000000000
1712 -103.0000000000
1722 -102.0000000000
1736 -101.0000000000
1787 -100.0000000000
1827 -99.0000000000
1840 -98.0000000000
1886 -97.0000000000
1944 -96.0000000000
1979 -95.0000000000
1994 -94.0000000000
2028 -93.0000000000
2051 -92.0000000000
2093 -91.0000000000
2127 -90.0000000000
2188 -89.0000000000
2223 -87.0000000000
2263 -85.0000000000
2324 -84.0000000000
2372 -83.0000000000
2422 -82.0000000000
2466 -81.0000000000
2530 -80.0000000000
2606 -77.0000000000
2654 -75.0000000000
2754 -74.0000000000
2790 -73.0000000000
2841 -72.0000000000
2849 -69.0000000000
2999 -68.0000000000
3040 -67.0000000000
3044 -66.0000000000
3075 -65.0000000000
3178 -64.0000000000
3192 -63.0000000000
3286 -62.0000000000
3354 -58.0000000000
3451 -56.0000000000
3483 -55.0000000000
3584 -54.0000000000
3586 -53.0000000000
3597 -52.0000000000
3732 -50.0000000000
3753 -40.0000000000
3850 -39.0000000000
3864 -38.0000000000
3897 -36.0000000000
3942 -34.0000000000
3955 -32.0000000000
3999 -29.0000000000
4106 -28.0000000000
4132 -26.0000000000
4154 -25.0000000000
4188 -24.0000000000
4244 -23.0000000000
4296 -21.0000000000
4387 -20.0000000000
4435 -19.0000000000
4524 -18.0000000000
4567 -17.0000000000
4611 -16.0000000000
4726 -15.0000000000
4775 -14.0000000000
4900 -13.0000000000
4947 -12.0000000000
5004 -11.0000000000
5094 -10.0000000000
5189 -9.0000000000
5207 -8.0000000000
5301 -7.0000000000
5427 -6.0000000000
5629 -5.0000000000
5819 -4.0000000000
5877 -3.0000000000
5961 -2.0000000000
5970 359.0000000000
6306 372.0000000000
6332 385.0000000000
6480 393.0000000000
6564 397.0000000000
6703 398.0000000000
6756 399.0000000000
6764 405.0000000000
7354 408.0000000000
7560 411.0000000000
7644 412.0000000000
7645 418.0000000000
8307 421.0000000000
8369 422.0000000000
9971 424.0000000000
11194 425.0000000000
11575 429.0000000000
13551 430.0000000000
16190 431.0000000000
17682 434.0000000000
20666 435.0000000000
21749 436.0000000000
22126 437.0000000000
22415 439.0000000000
88121 440.0000000000
93852 441.0000000000
100052 191.0000000000
evaluations raw_y
1 -197.0000000000
22 -186.0000000000
70 -184.0000000000
72 -179.0000000000
104 -177.0000000000
148 -175.0000000000
155 -172.0000000000
158 -170.0000000000
164 -169.0000000000
167 -164.0000000000
234 -156.0000000000
324 -155.0000000000
337 -154.0000000000
346 -152.0000000000
390 -150.0000000000
414 -149.0000000000
462 -145.0000000000
465 -144.0000000000
478 -143.0000000000
510 -142.0000000000
560 -140.0000000000
569 -139.0000000000
622 -137.0000000000
660 -136.0000000000
663 -134.0000000000
717 -133.0000000000
758 -131.0000000000
844 -129.0000000000
892 -128.0000000000
893 -126.0000000000
947 -125.0000000000
989 -123.0000000000
1035 -122.0000000000
1083 -119.0000000000
1188 -118.0000000000
1227 -115.0000000000
1286 -114.0000000000
1289 -112.0000000000
1301 -109.0000000000
1351 -108.0000000000
1367 -107.0000000000
1396 -103.0000000000
1412 -101.0000000000
1491 -99.0000000000
1544 -96.0000000000
1550 -95.0000000000
1590 -93.0000000000
1596 -92.0000000000
1738 -91.0000000000
1739 -90.0000000000
1799 -89.0000000000
1945 -88.0000000000
2024 -87.0000000000
2081 -86.0000000000
2174 -85.0000000000
2217 -83.0000000000
2307 -82.0000000000
2310 -80.0000000000
2365 -79.0000000000
2411 -78.0000000000
2452 -76.0000000000
2491 -74.0000000000
2592 -73.0000000000
2631 -72.0000000000
2641 -71.0000000000
2685 -70.0000000000
2735 -69.0000000000
2768 -68.0000000000
2818 -67.0000000000
2863 -64.0000000000
2957 -63.0000000000
2978 -62.0000000000
3009 -61.0000000000
3061 -60.0000000000
3164 -58.0000000000
3167 -57.0000000000
3248 -56.0000000000
3298 -55.0000000000
3356 -54.0000000000
3398 -52.0000000000
3441 -51.0000000000
3444 -50.0000000000
3600 -49.0000000000
3652 -48.0000000000
3694 -47.0000000000
3710 -46.0000000000
3711 -41.0000000000
3751 -38.0000000000
3860 -37.0000000000
3897 -36.0000000000
3996 -34.0000000000
4039 -32.0000000000
4055 -31.0000000000
4099 -29.0000000000
4190 -28.0000000000
4243 -26.0000000000
4330 -25.0000000000
4390 -24.0000000000
4431 -23.0000000000
4529 -22.0000000000
4663 -21.0000000000
4678 -20.0000000000
4769 -19.0000000000
4900 -18.0000000000
5040 -17.0000000000
5075 -16.0000000000
5165 -14.0000000000
5261 -13.0000000000
5330 -12.0000000000
5420 -10.0000000000
5474 -9.0000000000
5605 -8.0000000000
5797 -7.0000000000
6043 -6.0000000000
6235 -5.0000000000
6254 -1.0000000000
6495 355.0000000000
6504 386.0000000000
6598 396.0000000000
6730 398.0000000000
6733 404.0000000000
6879 409.0000000000
7070 417.0000000000
7219 421.0000000000
7350 422.0000000000
7466 426.0000000000
8006 427.0000000000
8375 431.0000000000
9275 433.0000000000
10323 434.0000000000
12030 436.0000000000
15562 437.0000000000
22204 438.0000000000
23200 439.0000000000
28386 441.0000000000
63177 444.0000000000
91692 445.0000000000
100052 340.0000000000
evaluations raw_y
1 -205.0000000000
5 -201.0000000000
23 -198.0000000000
70 -185.0000000000
117 -184.0000000000
147 -183.0000000000
157 -178.0000000000
167 -172.0000000000
218 -169.0000000000
259 -168.0000000000
296 -167.0000000000
301 -166.0000000000
304 -162.0000000000
346 -156.0000000000
407 -155.0000000000
445 -152.0000000000
531 -149.0000000000
541 -148.0000000000
580 -147.0000000000
586 -145.0000000000
630 -142.0000000000
647 -141.0000000000
683 -140.0000000000
726 -139.0000000000
729 -138.0000000000
790 -135.0000000000
826 -133.0000000000
830 -131.0000000000
890 -130.0000000000
915 -129.0000000000
920 -128.0000000000
926 -127.0000000000
937 -126.0000000000
1017 -123.0000000000
1023 -122.0000000000
1067 -120.0000000000
1113 -118.0000000000
1158 -116.0000000000
1206 -115.0000000000
1207 -113.0000000000
1225 -112.0000000000
1264 -111.0000000000
1265 -110.0000000000
1350 -109.0000000000
1354 -108.0000000000
1399 -107.0000000000
1420 -105.0000000000
1425 -104.0000000000
1467 -99.0000000000
1515 -98.0000000000
1525 -95.0000000000
1530 -94.0000000000
1563 -93.0000000000
1586 -92.0000000000
1621 -90.0000000000
1668 -89.0000000000
1680 -88.0000000000
1724 -84.0000000000
1757 -83.0000000000
1815 -82.0000000000
1852 -80.0000000000
1907 -79.0000000000
1922 -78.0000000000
2043 -77.0000000000
2106 -75.0000000000
2155 -74.0000000000
2194 -73.0000000000
2209 -72.0000000000
2285 -71.0000000000
2340 -69.0000000000
2430 -68.0000000000
2443 -67.0000000000
2480 -65.0000000000
2574 -64.0000000000
2607 -62.0000000000
2627 -61.0000000000
2643 -60.0000000000
2657 -58.0000000000
2662 -55.0000000000
2787 -52.0000000000
2839 -51.0000000000
2886 -50.0000000000
2903 -49.0000000000
2997 -48.0000000000
3034 -47.0000000000
3088 -45.0000000000
3219 -44.0000000000
3275 -43.0000000000
3282 -42.0000000000
3383 -41.0000000000
3423 -40.0000000000
3461 -39.0000000000
3526 -38.0000000000
3605 -37.0000000000
3669 -36.0000000000
3674 -35.0000000000
3756 -34.0000000000
3760 -33.0000000000
3846 -32.0000000000
3879 -31.0000000000
3973 -30.0000000000
4089 -29.0000000000
4100 -27.0000000000
4191 -26.0000000000
4338 -25.0000000000
4385 -24.0000000000
4418 -23.0000000000
4530 -22.0000000000
4619 -20.0000000000
4720 -19.0000000000
4816 -18.0000000000
4862 -17.0000000000
5008 -16.0000000000
5150 -15.0000000000
5191 -14.0000000000
5336 -13.0000000000
5393 -11.0000000000
5528 -10.0000000000
5587 -9.0000000000
5775 -8.0000000000
6026 -7.0000000000
6130 -6.0000000000
6141 -5.0000000000
6182 -3.0000000000
6237 -2.0000000000
6325 -1.0000000000
6382 379.0000000000
6385 389.0000000000
6812 390.0000000000
6816 401.0000000000
6818 402.0000000000
6844 403.0000000000
6846 408.0000000000
7054 415.0000000000
7448 416.0000000000
7639 421.0000000000
7926 423.0000000000
8030 425.0000000000
8136 426.0000000000
8426 427.0000000000
9092 429.0000000000
9632 430.0000000000
9761 432.0000000000
10437 433.0000000000
10869 435.0000000000
11532 436.0000000000
16035 438.0000000000
16925 439.0000000000
17121 440.0000000000
19723 441.0000000000
23087 442.0000000000
25536 445.0000000000
40924 446.0000000000
100052 116.0000000000
evaluations raw_y
1 -189.0000000000
51 -188.0000000000
105 -187.0000000000
110 -186.0000000000
112 -182.0000000000
121 -178.0000000000
128 -176.0000000000
165 -173.0000000000
190 -170.0000000000
191 -169.0000000000
203 -167.0000000000
236 -166.0000000000
240 -164.0000000000
277 -158.0000000000
318 -157.0000000000
392 -154.0000000000
443 -153.0000000000
449 -150.0000000000
533 -147.0000000000
554 -146.0000000000
582 -145.0000000000
590 -141.0000000000
685 -140.0000000000
693 -139.0000000000
772 -137.0000000000
791 -136.0000000000
794 -135.0000000000
831 -134.0000000000
878 -133.0000000000
920 -132.0000000000
964 -130.0000000000
970 -127.0000000000
1022 -126.0000000000
1062 -125.0000000000
1115 -124.0000000000
1157 -121.0000000000
1204 -120.0000000000
1215 -118.0000000000
1251 -117.0000000000
1322 -115.0000000000
1350 -113.0000000000
1440 -111.0000000000
1446 -110.0000000000
1511 -109.0000000000
1547 -108.0000000000
1561 -107.0000000000
1620 -106.0000000000
1643 -105.0000000000
1646 -104.0000000000
1652 -102.0000000000
1699 -101.0000000000
1739 -100.0000000000
1780 -99.0000000000
1794 -98.0000000000
1832 -97.0000000000
1877 -96.0000000000
1883 -94.0000000000
1935 -93.0000000000
1982 -91.0000000000
2037 -90.0000000000
2120 -89.0000000000
2135 -88.0000000000
2169 -87.0000000000
2179 -86.0000000000
2216 -84.0000000000
2318 -83.0000000000
2324 -82.0000000000
2358 -81.0000000000
2410 -80.0000000000
2425 -79.0000000000
2456 -78.0000000000
2466 -77.0000000000
2561 -76.0000000000
2608 -75.0000000000
2710 -73.0000000000
2757 -72.0000000000
2762 -71.0000000000
2790 -70.0000000000
2839 -69.0000000000
2883 -68.0000000000
2906 -66.0000000000
2982 -65.0000000000
3038 -63.0000000000
3082 -62.0000000000
3090 -61.0000000000
3129 -60.0000000000
3190 -58.0000000000
3248 -56.0000000000
3343 -55.0000000000
3452 -54.0000000000
3486 -53.0000000000
3572 -52.0000000000
3599 -51.0000000000
3637 -49.0000000000
3641 -48.0000000000
3694 -47.0000000000
3732 -45.0000000000
3736 -44.0000000000
3781 -42.0000000000
3861 -41.0000000000
3874 -40.0000000000
3892 -37.0000000000
3937 -36.0000000000
3985 -35.0000000000
4075 -34.0000000000
4150 -33.0000000000
4225 -31.0000000000
4303 -30.0000000000
4329 -29.0000000000
4422 -27.0000000000
4471 -26.0000000000
4541 -25.0000000000
4558 -24.0000000000
4586 -23.0000000000
4618 -22.0000000000
4622 -21.0000000000
4715 -20.0000000000
4763 -19.0000000000
4903 -18.0000000000
4992 -17.0000000000
5040 -16.0000000000
5074 -12.0000000000
5132 -11.0000000000
5271 -10.0000000000
5323 -9.0000000000
5521 -8.0000000000
5643 -7.0000000000
5841 -6.0000000000
5948 -5.0000000000
6028 -3.0000000000
6075 -2.0000000000
6181 -1.0000000000
6277 376.0000000000
6365 380.0000000000
6421 382.0000000000
6477 384.0000000000
6478 395.0000000000
6574 402.0000000000
6665 404.0000000000
6811 406.0000000000
6856 411.0000000000
7469 413.0000000000
7617 418.0000000000
7687 419.0000000000
7996 422.0000000000
8426 424.0000000000
8747 425.0000000000
9275 426.0000000000
10228 427.0000000000
10423 430.0000000000
11035 431.0000000000
12552 432.0000000000
14929 433.0000000000
15299 434.0000000000
15889 436.0000000000
19799 437.0000000000
19900 439.0000000000
27342 440.0000000000
51589 441.0000000000
51789 442.0000000000
100052 264.0000000000
evaluations raw_y
1 -208.0000000000
12 -198.0000000000
52 -197.0000000000
55 -196.0000000000
61 -195.0000000000
70 -194.0000000000
72 -189.0000000000
94 -182.0000000000
104 -179.0000000000
111 -177.0000000000
128 -175.0000000000
204 -174.0000000000
208 -171.0000000000
212 -170.0000000000
226 -155.0000000000
228 -153.0000000000
269 -152.0000000000
317 -149.0000000000
335 -148.0000000000
375 -147.0000000000
386 -146.0000000000
459 -145.0000000000
480 -144.0000000000
509 -143.0000000000
515 -142.0000000000
555 -141.0000000000
561 -139.0000000000
656 -138.0000000000
666 -137.0000000000
716 -135.0000000000
788 -131.0000000000
873 -130.0000000000
885 -129.0000000000
918 -128.0000000000
927 -127.0000000000
963 -126.0000000000
1013 -125.0000000000
1022 -124.0000000000
1096 -123.0000000000
1108 -122.0000000000
1143 -121.0000000000
1163 -120.0000000000
1173 -119.0000000000
1212 -118.0000000000
1265 -115.0000000000
1312 -114.0000000000
1324 -113.0000000000
1343 -112.0000000000
1372 -110.0000000000
1380 -108.0000000000
1383 -106.0000000000
1435 -105.0000000000
1471 -102.0000000000
1475 -100.0000000000
1526 -99.0000000000
1537 -98.0000000000
1573 -95.0000000000
1613 -92.0000000000
1715 -91.0000000000
1719 -89.0000000000
1756 -88.0000000000
1763 -86.0000000000
1803 -85.0000000000
1807 -84.0000000000
1863 -83.0000000000
1900 -82.0000000000
2046 -81.0000000000
2098 -80.0000000000
2104 -79.0000000000
2195 -78.0000000000
2204 -77.0000000000
2250 -76.0000000000
2256 -75.0000000000
2292 -74.0000000000
2332 -71.0000000000
2396 -70.0000000000
2429 -69.0000000000
2441 -67.0000000000
2450 -66.0000000000
2483 -65.0000000000
2496 -63.0000000000
2561 -62.0000000000
2571 -61.0000000000
2579 -60.0000000000
2647 -58.0000000000
2703 -56.0000000000
2796 -55.0000000000
2801 -52.0000000000
2897 -51.0000000000
2931 -50.0000000000
2945 -49.0000000000
2985 -47.0000000000
3038 -46.0000000000
3136 -45.0000000000
3372 -43.0000000000
3436 -42.0000000000
3538 -41.0000000000
3596 -40.0000000000
3633 -39.0000000000
3726 -38.0000000000
3799 -37.0000000000
3824 -36.0000000000
3866 -32.0000000000
3944 -30.0000000000
4106 -29.0000000000
4387 -28.0000000000
4439 -27.0000000000
4522 -26.0000000000
4614 -24.0000000000
4662 -23.0000000000
4755 -22.0000000000
4805 -21.0000000000
4908 -19.0000000000
5057 -18.0000000000
5091 -17.0000000000
5170 -16.0000000000
5172 -15.0000000000
5181 -14.0000000000
5233 -13.0000000000
5307 -12.0000000000
5357 -11.0000000000
5371 -10.0000000000
5459 -9.0000000000
5714 -8.0000000000
6015 -7.0000000000
6123 -5.0000000000
6224 -4.0000000000
6237 -3.0000000000
6269 -2.0000000000
6316 -1.0000000000
6366 382.0000000000
6374 383.0000000000
6414 396.0000000000
6470 402.0000000000
6517 403.0000000000
6521 404.0000000000
6712 405.0000000000
6766 408.0000000000
6995 410.0000000000
7098 411.0000000000
7104 418.0000000000
7183 419.0000000000
7382 420.0000000000
7549 421.0000000000
7702 423.0000000000
7795 426.0000000000
10013 428.0000000000
10240 429.0000000000
11847 430.0000000000
13242 432.0000000000
14684 434.0000000000
22332 435.0000000000
23584 436.0000000000
24602 437.0000000000
27975 438.0000000000
28052 439.0000000000
28068 441.0000000000
30849 442.0000000000
32680 443.0000000000
45245 444.0000000000
100052 274.0000000000
evaluations raw_y
1 -199.0000000000
24 -197.0000000000
60 -188.0000000000
65 -187.0000000000
73 -184.0000000000
109 -180.0000000000
111 -179.0000000000
117 -177.0000000000
153 -176.0000000000
158 -175.0000000000
165 -174.0000000000
208 -171.0000000000
217 -170.0000000000
225 -166.0000000000
229 -163.0000000000
281 -162.0000000000
293 -159.0000000000
324 -155.0000000000
365 -151.0000000000
414 -150.0000000000
434 -149.0000000000
473 -146.0000000000
553 -145.0000000000
567 -144.0000000000
596 -142.0000000000
670 -141.0000000000
707 -140.0000000000
725 -137.0000000000
770 -136.0000000000
779 -135.0000000000
812 -133.0000000000
843 -132.0000000000
859 -131.0000000000
911 -129.0000000000
957 -128.0000000000
973 -126.0000000000
1044 -125.0000000000
1050 -124.0000000000
1100 -122.0000000000
1125 -121.0000000000
1157 -118.0000000000
1254 -116.0000000000
1308 -115.0000000000
1311 -114.0000000000
1407 -112.0000000000
1470 -111.0000000000
1512 -109.0000000000
1590 -107.0000000000
1614 -106.0000000000
1663 -105.0000000000
1673 -104.0000000000
1712 -103.0000000000
1713 -102.0000000000
1756 -101.0000000000
1806 -99.0000000000
1853 -98.0000000000
1885 -97.0000000000
1938 -96.0000000000
1977 -95.0000000000
1993 -94.0000000000
2016 -93.0000000000
2017 -90.0000000000
2102 -89.0000000000
2108 -87.0000000000
2141 -86.0000000000
2200 -85.0000000000
2235 -84.0000000000
2338 -83.0000000000
2387 -82.0000000000
2443 -81.0000000000
2476 -80.0000000000
2493 -79.0000000000
2530 -78.0000000000
2591 -76.0000000000
2610 -64.0000000000
2709 -63.0000000000
2745 -60.0000000000
2799 -59.0000000000
2857 -58.0000000000
2942 -57.0000000000
2985 -56.0000000000
3034 -55.0000000000
3080 -52.0000000000
3171 -51.0000000000
3233 -47.0000000000
3472 -46.0000000000
3479 -45.0000000000
3514 -44.0000000000
3609 -42.0000000000
3617 -41.0000000000
3753 -40.0000000000
3792 -39.0000000000
3842 -38.0000000000
3873 -37.0000000000
3879 -34.0000000000
3918 -33.0000000000
3927 -32.0000000000
3929 -31.0000000000
3982 -30.0000000000
4016 -29.0000000000
4030 -27.0000000000
4112 -26.0000000000
4160 -25.0000000000
4174 -24.0000000000
4219 -23.0000000000
4347 -22.0000000000
4448 -21.0000000000
4462 -20.0000000000
4550 -19.0000000000
4636 -17.0000000000
4701 -16.0000000000
4732 -15.0000000000
4790 -14.0000000000
4929 -13.0000000000
4949 -11.0000000000
5085 -10.0000000000
5103 -8.0000000000
5156 -7.0000000000
5203 -6.0000000000
5346 -5.0000000000
5394 -4.0000000000
5577 -3.0000000000
5579 -2.0000000000
5731 -1.0000000000
5877 380.0000000000
6335 388.0000000000
6426 392.0000000000
6618 394.0000000000
6661 399.0000000000
6703 410.0000000000
6855 413.0000000000
6906 416.0000000000
7616 418.0000000000
8408 420.0000000000
9273 422.0000000000
9839 424.0000000000
9988 427.0000000000
11044 428.0000000000
11275 429.0000000000
11375 431.0000000000
11652 432.0000000000
11695 433.0000000000
11745 435.0000000000
16552 437.0000000000
18126 438.0000000000
20984 441.0000000000
87779 442.0000000000
100052 383.0000000000
evaluations raw_y
1 -217.0000000000
2 -208.0000000000
6 -207.0000000000
13 -203.0000000000
16 -201.0000000000
37 -200.0000000000
41 -194.0000000000
62 -186.0000000000
100 -178.0000000000
108 -175.0000000000
155 -172.0000000000
166 -171.0000000000
205 -168.0000000000
244 -166.0000000000
246 -165.0000000000
253 -164.0000000000
298 -163.0000000000
306 -162.0000000000
345 -158.0000000000
391 -157.0000000000
406 -155.0000000000
436 -154.0000000000
486 -152.0000000000
490 -149.0000000000
495 -148.0000000000
579 -145.0000000000
586 -144.0000000000
636 -143.0000000000
676 -141.0000000000
693 -140.0000000000
773 -137.0000000000
867 -136.0000000000
869 -135.0000000000
875 -134.0000000000
924 -133.0000000000
963 -132.0000000000
976 -131.0000000000
1011 -130.0000000000
1029 -129.0000000000
1033 -128.0000000000
1074 -127.0000000000
1080 -124.0000000000
1177 -123.0000000000
1224 -120.0000000000
1301 -119.0000000000
1330 -117.0000000000
1359 -116.0000000000
1405 -115.0000000000
1412 -114.0000000000
1423 -105.0000000000
1441 -104.0000000000
1521 -103.0000000000
1565 -99.0000000000
1618 -98.0000000000
1629 -97.0000000000
1722 -96.0000000000
1729 -95.0000000000
1760 -94.0000000000
1775 -92.0000000000
1861 -91.0000000000
1916 -90.0000000000
1955 -89.0000000000
2007 -88.0000000000
2044 -86.0000000000
2065 -85.0000000000
2146 -84.0000000000
2190 -82.0000000000
2250 -80.0000000000
2256 -79.0000000000
2305 -78.0000000000
2389 -77.0000000000
2429 -76.0000000000
2440 -75.0000000000
2479 -74.0000000000
2489 -73.0000000000
2504 -71.0000000000
2606 -66.0000000000
2651 -65.0000000000
2660 -64.0000000000
2707 -63.0000000000
2746 -61.0000000000
2762 -60.0000000000
2788 -58.0000000000
2790 -56.0000000000
2837 -53.0000000000
2886 -51.0000000000
2987 -50.0000000000
2989 -49.0000000000
3076 -48.0000000000
3090 -47.0000000000
3185 -46.0000000000
3222 -44.0000000000
3411 -43.0000000000
3432 -41.0000000000
3518 -40.0000000000
3561 -37.0000000000
3707 -36.0000000000
3759 -34.0000000000
3801 -33.0000000000
3856 -31.0000000000
3903 -30.0000000000
3942 -29.0000000000
3990 -28.0000000000
4017 -27.0000000000
4151 -26.0000000000
4199 -25.0000000000
4284 -24.0000000000
4340 -23.0000000000
4428 -22.0000000000
4440 -20.0000000000
4520 -19.0000000000
4571 -18.0000000000
4728 -17.0000000000
4809 -16.0000000000
4952 -15.0000000000
4973 -14.0000000000
5025 -13.0000000000
5032 -12.0000000000
5127 -10.0000000000
5163 -9.0000000000
5230 -8.0000000000
5323 -7.0000000000
5466 -5.0000000000
5840 -4.0000000000
6159 -1.0000000000
6244 390.0000000000
6257 395.0000000000
6393 396.0000000000
6399 398.0000000000
6596 404.0000000000
6630 405.0000000000
6689 406.0000000000
6725 411.0000000000
6824 412.0000000000
7022 413.0000000000
7400 416.0000000000
7541 418.0000000000
7750 423.0000000000
8564 424.0000000000
9560 429.0000000000
11321 430.0000000000
11332 432.0000000000
11660 433.0000000000
11726 436.0000000000
18413 437.0000000000
23353 439.0000000000
25884 440.0000000000
27333 441.0000000000
28931 442.0000000000
57278 443.0000000000
72677 444.0000000000
100052 100.0000000000
evaluations raw_y
1 -211.0000000000
3 -201.0000000000
8 -198.0000000000
23 -193.0000000000
101 -191.0000000000
105 -189.0000000000
114 -187.0000000000
119 -186.0000000000
147 -185.0000000000
151 -184.0000000000
153 -176.0000000000
160 -173.0000000000
169 -169.0000000000
207 -168.0000000000
242 -164.0000000000
285 -162.0000000000
300 -161.0000000000
311 -159.0000000000
357 -158.0000000000
392 -156.0000000000
411 -154.0000000000
416 -153.0000000000
425 -152.0000000000
466 -151.0000000000
468 -150.0000000000
469 -149.0000000000
514 -148.0000000000
525 -147.0000000000
556 -145.0000000000
561 -144.0000000000
564 -142.0000000000
568 -140.0000000000
571 -139.0000000000
608 -137.0000000000
699 -136.0000000000
747 -135.0000000000
756 -134.0000000000
759 -133.0000000000
844 -132.0000000000
893 -130.0000000000
912 -128.0000000000
995 -126.0000000000
997 -125.0000000000
1042 -124.0000000000
1049 -123.0000000000
1097 -122.0000000000
1102 -120.0000000000
1183 -119.0000000000
1189 -115.0000000000
1242 -114.0000000000
1276 -111.0000000000
1331 -110.0000000000
1378 -109.0000000000
1406 -103.0000000000
1494 -101.0000000000
1543 -99.0000000000
1546 -95.0000000000
1608 -94.0000000000
1638 -92.0000000000
1648 -91.0000000000
1689 -90.0000000000
1698 -87.0000000000
1738 -85.0000000000
1781 -84.0000000000
1786 -82.0000000000
1834 -81.0000000000
1841 -80.0000000000
1849 -77.0000000000
1942 -75.0000000000
1975 -74.0000000000
2026 -73.0000000000
2036 -72.0000000000
2067 -68.0000000000
2131 -67.0000000000
2225 -65.0000000000
2317 -64.0000000000
2360 -63.0000000000
2405 -61.0000000000
2456 -60.0000000000
2473 -59.0000000000
2556 -58.0000000000
2607 -57.0000000000
2609 -56.0000000000
2672 -55.0000000000
2682 -54.0000000000
2715 -53.0000000000
2729 -50.0000000000
2832 -49.0000000000
2869 -47.0000000000
2957 -46.0000000000
3026 -45.0000000000
3143 -44.0000000000
3175 -43.0000000000
3181 -42.0000000000
3278 -41.0000000000
3330 -39.0000000000
3469 -38.0000000000
3507 -37.0000000000
3612 -36.0000000000
3658 -34.0000000000
3674 -33.0000000000
3726 -30.0000000000
3771 -29.0000000000
3780 -28.0000000000
3877 -27.0000000000
3919 -25.0000000000
3973 -24.0000000000
4012 -22.0000000000
4072 -21.0000000000
4161 -20.0000000000
4206 -18.0000000000
4217 -17.0000000000
4305 -16.0000000000
4354 -15.0000000000
4499 -14.0000000000
4546 -12.0000000000
4693 -11.0000000000
4889 -10.0000000000
5073 -9.0000000000
5165 -8.0000000000
5311 -7.0000000000
5336 -6.0000000000
5483 -5.0000000000
5544 -4.0000000000
5671 -3.0000000000
5721 -2.0000000000
6051 -1.0000000000
6274 405.0000000000
6511 408.0000000000
6616 411.0000000000
6753 415.0000000000
7178 417.0000000000
7459 423.0000000000
8003 433.0000000000
10592 434.0000000000
11757 438.0000000000
15040 439.0000000000
15094 440.0000000000
20015 441.0000000000
30717 442.0000000000
33371 443.0000000000
100052 372.0000000000
evaluations raw_y
1 -210.0000000000
10 -206.0000000000
21 -205.0000000000
26 -196.0000000000
59 -193.0000000000
71 -191.0000000000
81 -185.0000000000
119 -183.0000000000
128 -181.0000000000
135 -179.0000000000
160 -178.0000000000
182 -172.0000000000
193 -169.0000000000
268 -164.0000000000
318 -162.0000000000
331 -161.0000000000
348 -157.0000000000
371 -155.0000000000
451 -152.0000000000
455 -151.0000000000
480 -150.0000000000
495 -149.0000000000
501 -144.0000000000
531 -143.0000000000
534 -142.0000000000
550 -141.0000000000
602 -140.0000000000
641 -139.0000000000
682 -138.0000000000
724 -136.0000000000
727 -135.0000000000
778 -133.0000000000
784 -132.0000000000
827 -131.0000000000
838 -128.0000000000
915 -126.0000000000
933 -125.0000000000
937 -124.0000000000
963 -123.0000000000
1018 -122.0000000000
1020 -121.0000000000
1034 -119.0000000000
1059 -117.0000000000
1080 -116.0000000000
1158 -114.0000000000
1175 -113.0000000000
1218 -112.0000000000
1268 -111.0000000000
1299 -110.0000000000
1334 -109.0000000000
1337 -106.0000000000
1383 -105.0000000000
1419 -102.0000000000
1421 -101.0000000000
1467 -100.0000000000
1475 -95.0000000000
1483 -94.0000000000
1538 -93.0000000000
1567 -92.0000000000
1586 -90.0000000000
1625 -87.0000000000
1718 -86.0000000000
1727 -84.0000000000
1769 -83.0000000000
1820 -82.0000000000
1822 -81.0000000000
1861 -80.0000000000
1916 -79.0000000000
1967 -78.0000000000
2005 -77.0000000000
2045 -76.0000000000
2059 -74.0000000000
2107 -73.0000000000
2191 -72.0000000000
2195 -71.0000000000
2243 -70.0000000000
2297 -69.0000000000
2336 -68.0000000000
2337 -67.0000000000
2434 -66.0000000000
2526 -65.0000000000
2561 -61.0000000000
2615 -57.0000000000
2711 -54.0000000000
2743 -53.0000000000
2840 -52.0000000000
2858 -51.0000000000
2890 -50.0000000000
2953 -49.0000000000
3031 -47.0000000000
3040 -46.0000000000
3131 -45.0000000000
3177 -44.0000000000
3194 -43.0000000000
3221 -42.0000000000
3321 -39.0000000000
3430 -37.0000000000
3464 -36.0000000000
3514 -35.0000000000
3555 -34.0000000000
3561 -32.0000000000
3615 -31.0000000000
3651 -30.0000000000
3756 -29.0000000000
3812 -27.0000000000
3915 -26.0000000000
3934 -25.0000000000
3971 -24.0000000000
4026 -23.0000000000
4060 -22.0000000000
4072 -21.0000000000
4112 -20.0000000000
4223 -19.0000000000
4260 -18.0000000000
4303 -17.0000000000
4365 -16.0000000000
4401 -13.0000000000
4509 -12.0000000000
4595 -11.0000000000
4688 -10.0000000000
4735 -9.0000000000
4782 -8.0000000000
4926 -7.0000000000
4933 -6.0000000000
5012 -4.0000000000
5109 -3.0000000000
5187 -1.0000000000
5333 391.0000000000
5493 393.0000000000
5537 395.0000000000
5667 396.0000000000
5687 401.0000000000
5923 406.0000000000
6214 407.0000000000
6266 411.0000000000
6297 415.0000000000
6492 417.0000000000
6601 418.0000000000
6699 419.0000000000
6815 420.0000000000
6885 422.0000000000
6953 424.0000000000
7631 425.0000000000
7680 427.0000000000
7813 429.0000000000
8916 432.0000000000
10252 433.0000000000
10686 437.0000000000
11267 439.0000000000
16620 440.0000000000
38079 441.0000000000
40401 442.0000000000
41453 444.0000000000
45822 445.0000000000
100052 380.0000000000
evaluations raw_y
1 -219.0000000000
2 -214.0000000000
3 -201.0000000000
19 -193.0000000000
23 -191.0000000000
58 -190.0000000000
68 -189.0000000000
100 -185.0000000000
113 -180.0000000000
118 -178.0000000000
168 -171.0000000000
213 -168.0000000000
238 -167.0000000000
250 -166.0000000000
257 -155.0000000000
292 -154.0000000000
297 -152.0000000000
361 -150.0000000000
390 -149.0000000000
403 -147.0000000000
438 -145.0000000000
488 -144.0000000000
495 -142.0000000000
531 -141.0000000000
580 -137.0000000000
649 -136.0000000000
688 -135.0000000000
737 -134.0000000000
772 -133.0000000000
786 -132.0000000000
822 -131.0000000000
884 -129.0000000000
928 -128.0000000000
946 -127.0000000000
981 -126.0000000000
1029 -125.0000000000
1055 -124.0000000000
1069 -123.0000000000
1103 -122.0000000000
1113 -121.0000000000
1116 -119.0000000000
1167 -117.0000000000
1205 -116.0000000000
1210 -114.0000000000
1267 -113.0000000000
1271 -112.0000000000
1317 -111.0000000000
1340 -108.0000000000
1378 -107.0000000000
1390 -106.0000000000
1391 -105.0000000000
1393 -103.0000000000
1436 -102.0000000000
1441 -101.0000000000
1470 -100.0000000000
1524 -98.0000000000
1533 -97.0000000000
1564 -95.0000000000
1573 -93.0000000000
1625 -90.0000000000
1709 -88.0000000000
1712 -87.0000000000
1725 -86.0000000000
1777 -84.0000000000
1805 -82.0000000000
1866 -81.0000000000
1909 -80.0000000000
1965 -79.0000000000
2009 -78.0000000000
2052 -77.0000000000
2063 -75.0000000000
2191 -74.0000000000
2245 -73.0000000000
2283 -72.0000000000
2288 -71.0000000000
2393 -69.0000000000
2450 -68.0000000000
2478 -66.0000000000
2531 -65.0000000000
2577 -64.0000000000
2679 -63.0000000000
2685 -62.0000000000
2706 -61.0000000000
2772 -58.0000000000
2829 -57.0000000000
2876 -56.0000000000
2903 -55.0000000000
2905 -54.0000000000
2938 -53.0000000000
3002 -51.0000000000
3094 -48.0000000000
3233 -47.0000000000
3292 -46.0000000000
3342 -45.0000000000
3438 -44.0000000000
3534 -43.0000000000
3551 -42.0000000000
3690 -41.0000000000
3713 -40.0000000000
3749 -39.0000000000
3751 -36.0000000000
3843 -34.0000000000
3850 -33.0000000000
3853 -32.0000000000
3900 -30.0000000000
3939 -29.0000000000
3996 -27.0000000000
4046 -25.0000000000
4135 -21.0000000000
4201 -20.0000000000
4330 -19.0000000000
4538 -18.0000000000
4715 -17.0000000000
4856 -16.0000000000
4907 -15.0000000000
4950 -14.0000000000
5049 -13.0000000000
5053 -12.0000000000
5161 -11.0000000000
5201 -10.0000000000
5391 -9.0000000000
5508 -8.0000000000
5570 -7.0000000000
5650 -6.0000000000
5700 -5.0000000000
5757 -4.0000000000
5852 -3.0000000000
5944 -2.0000000000
6034 -1.0000000000
6154 343.0000000000
6164 361.0000000000
6181 369.0000000000
6191 374.0000000000
6242 393.0000000000
6733 394.0000000000
6772 397.0000000000
6841 400.0000000000
6923 403.0000000000
7014 405.0000000000
7115 408.0000000000
7259 416.0000000000
7997 417.0000000000
8000 420.0000000000
8055 421.0000000000
8273 424.0000000000
8479 426.0000000000
8635 427.0000000000
8672 431.0000000000
9628 433.0000000000
11039 434.0000000000
11758 435.0000000000
15334 437.0000000000
19930 438.0000000000
21587 439.0000000000
38216 440.0000000000
38365 442.0000000000
100052 420.0000000000
evaluations raw_y
1 -203.0000000000
12 -191.0000000000
64 -190.0000000000
68 -186.0000000000
100 -184.0000000000
103 -182.0000000000
116 -177.0000000000
178 -174.0000000000
193 -172.0000000000
216 -170.0000000000
238 -169.0000000000
244 -166.0000000000
256 -162.0000000000
263 -158.0000000000
299 -154.0000000000
310 -152.0000000000
340 -146.0000000000
361 -143.0000000000
408 -140.0000000000
436 -139.0000000000
484 -135.0000000000
596 -132.0000000000
685 -131.0000000000
693 -128.0000000000
775 -127.0000000000
821 -125.0000000000
842 -123.0000000000
880 -122.0000000000
930 -121.0000000000
933 -118.0000000000
936 -117.0000000000
1018 -116.0000000000
1022 -115.0000000000
1033 -114.0000000000
1063 -112.0000000000
1117 -111.0000000000
1123 -110.0000000000
1171 -108.0000000000
1217 -107.0000000000
1264 -106.0000000000
1269 -105.0000000000
1309 -104.0000000000
1318 -102.0000000000
1380 -98.0000000000
1455 -97.0000000000
1475 -96.0000000000
1517 -94.0000000000
1521 -93.0000000000
1538 -92.0000000000
1573 -91.0000000000
1578 -89.0000000000
1583 -88.0000000000
1666 -87.0000000000
1669 -86.0000000000
1722 -85.0000000000
1729 -84.0000000000
1769 -83.0000000000
1859 -82.0000000000
1867 -81.0000000000
1912 -80.0000000000
1956 -79.0000000000
1996 -78.0000000000
2017 -77.0000000000
2043 -76.0000000000
2105 -73.0000000000
2145 -71.0000000000
2206 -70.0000000000
2284 -68.0000000000
2295 -67.0000000000
2306 -66.0000000000
2354 -65.0000000000
2384 -64.0000000000
2437 -63.0000000000
2444 -62.0000000000
2502 -58.0000000000
2618 -57.0000000000
2719 -56.0000000000
2749 -55.0000000000
2753 -52.0000000000
2835 -51.0000000000
2858 -50.0000000000
2904 -49.0000000000
2942 -48.0000000000
2982 -47.0000000000
2989 -46.0000000000
3045 -44.0000000000
3145 -43.0000000000
3176 -42.0000000000
3231 -41.0000000000
3318 -40.0000000000
3366 -39.0000000000
3367 -38.0000000000
3418 -37.0000000000
3460 -36.0000000000
3570 -35.0000000000
3618 -33.0000000000
3660 -32.0000000000
3748 -31.0000000000
3793 -26.0000000000
3982 -25.0000000000
4059 -24.0000000000
4163 -23.0000000000
4272 -21.0000000000
4318 -20.0000000000
4321 -18.0000000000
4496 -17.0000000000
4549 -16.0000000000
4688 -15.0000000000
4753 -14.0000000000
4843 -13.0000000000
4941 -12.0000000000
5044 -11.0000000000
5045 -8.0000000000
5111 -7.0000000000
5572 -6.0000000000
5783 -5.0000000000
5961 -4.0000000000
6362 -3.0000000000
6400 -2.0000000000
6523 -1.0000000000
6569 400.0000000000
6723 407.0000000000
6776 410.0000000000
7026 415.0000000000
7077 420.0000000000
7868 422.0000000000
8178 424.0000000000
8346 426.0000000000
8851 427.0000000000
9276 429.0000000000
10767 430.0000000000
12242 432.0000000000
13912 433.0000000000
14399 434.0000000000
18421 436.0000000000
19090 438.0000000000
19438 440.0000000000
21695 442.0000000000
100052 407.0000000000
evaluations raw_y
1 -211.0000000000
6 -210.0000000000
9 -207.0000000000
12 -201.0000000000
13 -194.0000000000
31 -188.0000000000
96 -187.0000000000
103 -185.0000000000
154 -178.0000000000
164 -176.0000000000
172 -173.0000000000
194 -172.0000000000
239 -171.0000000000
259 -170.0000000000
281 -168.0000000000
289 -166.0000000000
308 -163.0000000000
388 -162.0000000000
389 -156.0000000000
439 -154.0000000000
446 -153.0000000000
448 -152.0000000000
486 -151.0000000000
494 -150.0000000000
531 -149.0000000000
540 -148.0000000000
592 -147.0000000000
598 -145.0000000000
650 -144.0000000000
680 -143.0000000000
695 -142.0000000000
740 -140.0000000000
767 -139.0000000000
777 -138.0000000000
825 -135.0000000000
881 -134.0000000000
884 -132.0000000000
963 -131.0000000000
971 -130.0000000000
1028 -129.0000000000
1063 -128.0000000000
1077 -126.0000000000
1120 -125.0000000000
1164 -123.0000000000
1204 -121.0000000000
1254 -120.0000000000
1261 -118.0000000000
1263 -117.0000000000
1272 -115.0000000000
1354 -112.0000000000
1395 -110.0000000000
1454 -109.0000000000
1459 -108.0000000000
1466 -107.0000000000
1556 -106.0000000000
1598 -105.0000000000
1644 -104.0000000000
1651 -103.0000000000
1692 -101.0000000000
1732 -100.0000000000
1738 -99.0000000000
1799 -97.0000000000
1898 -96.0000000000
1927 -95.0000000000
1945 -94.0000000000
1985 -93.0000000000
2027 -92.0000000000
2077 -91.0000000000
2117 -89.0000000000
2122 -87.0000000000
2232 -86.0000000000
2266 -85.0000000000
2268 -84.0000000000
2276 -83.0000000000
2356 -81.0000000000
2364 -79.0000000000
2492 -78.0000000000
2503 -77.0000000000
2529 -74.0000000000
2535 -72.0000000000
2538 -67.0000000000
2623 -65.0000000000
2626 -62.0000000000
2682 -61.0000000000
2722 -59.0000000000
2724 -57.0000000000
2781 -56.0000000000
2817 -55.0000000000
2832 -54.0000000000
2859 -53.0000000000
2872 -52.0000000000
2911 -51.0000000000
2916 -50.0000000000
2968 -49.0000000000
2975 -48.0000000000
2978 -47.0000000000
3051 -45.0000000000
3063 -44.0000000000
3073 -43.0000000000
3106 -42.0000000000
3244 -41.0000000000
3264 -40.0000000000
3307 -39.0000000000
3350 -38.0000000000
3392 -37.0000000000
3485 -36.0000000000
3539 -34.0000000000
3627 -33.0000000000
3777 -31.0000000000
3833 -30.0000000000
3866 -28.0000000000
3987 -27.0000000000
3989 -25.0000000000
3993 -24.0000000000
4134 -23.0000000000
4231 -22.0000000000
4275 -21.0000000000
4343 -20.0000000000
4429 -19.0000000000
4485 -18.0000000000
4535 -17.0000000000
4672 -16.0000000000
4749 -15.0000000000
4881 -14.0000000000
4956 -13.0000000000
5044 -12.0000000000
5094 -11.0000000000
5155 -10.0000000000
5296 -9.0000000000
5374 -8.0000000000
5448 -7.0000000000
5486 -6.0000000000
5685 -5.0000000000
5859 -4.0000000000
6016 -3.0000000000
6140 -2.0000000000
6232 -1.0000000000
6445 366.0000000000
6543 371.0000000000
6586 382.0000000000
6611 394.0000000000
6818 396.0000000000
6902 399.0000000000
6909 405.0000000000
7153 407.0000000000
7223 408.0000000000
7329 410.0000000000
7421 411.0000000000
7517 413.0000000000
7629 414.0000000000
7723 416.0000000000
7838 421.0000000000
7945 422.0000000000
7946 423.0000000000
8420 424.0000000000
8424 425.0000000000
8936 427.0000000000
8939 430.0000000000
9235 431.0000000000
9801 432.0000000000
10279 433.0000000000
11108 434.0000000000
11954 436.0000000000
14436 437.0000000000
18198 438.0000000000
19746 439.0000000000
28488 440.0000000000
31069 441.0000000000
31655 443.0000000000
34233 444.0000000000
100052 241.0000000000
evaluations raw_y
1 -212.0000000000
3 -211.0000000000
4 -210.0000000000
8 -194.0000000000
47 -192.0000000000
54 -187.0000000000
105 -185.0000000000
119 -183.0000000000
129 -176.0000000000
161 -167.0000000000
167 -166.0000000000
196 -165.0000000000
212 -161.0000000000
274 -160.0000000000
281 -158.0000000000
307 -157.0000000000
330 -156.0000000000
334 -155.0000000000
376 -154.0000000000
377 -153.0000000000
411 -151.0000000000
430 -150.0000000000
469 -149.0000000000
471 -147.0000000000
557 -145.0000000000
560 -141.0000000000
614 -140.0000000000
661 -138.0000000000
706 -137.0000000000
715 -136.0000000000
753 -135.0000000000
801 -134.0000000000
814 -133.0000000000
855 -132.0000000000
903 -130.0000000000
948 -129.0000000000
998 -128.0000000000
1035 -126.0000000000
1037 -125.0000000000
1085 -121.0000000000
1196 -120.0000000000
1227 -118.0000000000
1283 -117.0000000000
1325 -116.0000000000
1343 -115.0000000000
1393 -114.0000000000
1413 -101.0000000000
1513 -97.0000000000
1541 -94.0000000000
1693 -92.0000000000
1697 -91.0000000000
1700 -90.0000000000
1747 -88.0000000000
1795 -87.0000000000
1828 -85.0000000000
1841 -82.0000000000
1880 -81.0000000000
1974 -80.0000000000
2024 -79.0000000000
2039 -76.0000000000
2128 -74.0000000000
2166 -73.0000000000
2211 -72.0000000000
2268 -71.0000000000
2310 -70.0000000000
2358 -69.0000000000
2414 -68.0000000000
2454 -67.0000000000
2458 -66.0000000000
2462 -65.0000000000
2536 -63.0000000000
2561 -62.0000000000
2605 -61.0000000000
2641 -57.0000000000
2717 -56.0000000000
2728 -53.0000000000
2862 -51.0000000000
2872 -49.0000000000
2964 -48.0000000000
3015 -47.0000000000
3100 -46.0000000000
3196 -45.0000000000
3225 -44.0000000000
3234 -42.0000000000
3383 -41.0000000000
3426 -40.0000000000
3461 -39.0000000000
3618 -38.0000000000
3660 -37.0000000000
3707 -36.0000000000
3811 -35.0000000000
3824 -33.0000000000
3919 -32.0000000000
3968 -31.0000000000
3969 -30.0000000000
3974 -29.0000000000
4072 -27.0000000000
4130 -26.0000000000
4165 -25.0000000000
4269 -24.0000000000
4319 -23.0000000000
4356 -22.0000000000
4464 -21.0000000000
4561 -20.0000000000
4636 -18.0000000000
4750 -17.0000000000
4835 -16.0000000000
4897 -15.0000000000
5017 -14.0000000000
5043 -13.0000000000
5052 -11.0000000000
5139 -10.0000000000
5192 -9.0000000000
5244 -8.0000000000
5248 -7.0000000000
5345 -6.0000000000
5380 -5.0000000000
5398 -4.0000000000
5528 -3.0000000000
5871 -2.0000000000
5957 -1.0000000000
6020 392.0000000000
6179 400.0000000000
6191 405.0000000000
6272 411.0000000000
6651 413.0000000000
6797 420.0000000000
7045 421.0000000000
7577 423.0000000000
7670 426.0000000000
7967 427.0000000000
8091 428.0000000000
8108 429.0000000000
8391 430.0000000000
10105 431.0000000000
11245 433.0000000000
11313 437.0000000000
13432 438.0000000000
14595 439.0000000000
19342 440.0000000000
21774 441.0000000000
22237 442.0000000000
33476 445.0000000000
78308 446.0000000000
100052 429.0000000000
evaluations raw_y
1 -227.0000000000
2 -207.0000000000
9 -196.0000000000
10 -193.0000000000
52 -191.0000000000
67 -187.0000000000
94 -182.0000000000
98 -174.0000000000
179 -166.0000000000
238 -160.0000000000
276 -159.0000000000
280 -158.0000000000
284 -157.0000000000
286 -156.0000000000
316 -155.0000000000
336 -154.0000000000
370 -152.0000000000
382 -151.0000000000
385 -149.0000000000
421 -148.0000000000
423 -146.0000000000
459 -144.0000000000
461 -143.0000000000
507 -140.0000000000
511 -138.0000000000
516 -137.0000000000
567 -134.0000000000
609 -133.0000000000
665 -132.0000000000
710 -130.0000000000
758 -128.0000000000
797 -127.0000000000
815 -126.0000000000
856 -124.0000000000
894 -121.0000000000
941 -120.0000000000
998 -119.0000000000
1010 -118.0000000000
1044 -117.0000000000
1106 -116.0000000000
1138 -114.0000000000
1148 -113.0000000000
1196 -112.0000000000
1246 -111.0000000000
1248 -109.0000000000
1341 -108.0000000000
1393 -107.0000000000
1436 -106.0000000000
1450 -99.0000000000
1460 -97.0000000000
1495 -95.0000000000
1539 -94.0000000000
1553 -93.0000000000
1587 -91.0000000000
1608 -89.0000000000
1655 -87.0000000000
1733 -85.0000000000
1834 -82.0000000000
1925 -80.0000000000
1974 -79.0000000000
2027 -78.0000000000
2167 -77.0000000000
2181 -75.0000000000
2217 -74.0000000000
2273 -73.0000000000
2327 -72.0000000000
2371 -71.0000000000
2451 -70.0000000000
2454 -69.0000000000
2517 -68.0000000000
2559 -67.0000000000
2624 -66.0000000000
2639 -65.0000000000
2667 -59.0000000000
2772 -57.0000000000
2776 -55.0000000000
2829 -54.0000000000
2834 -53.0000000000
2872 -52.0000000000
2877 -50.0000000000
2926 -48.0000000000
2955 -47.0000000000
3009 -46.0000000000
3020 -45.0000000000
3025 -44.0000000000
3071 -42.0000000000
3120 -41.0000000000
3153 -40.0000000000
3202 -39.0000000000
3205 -38.0000000000
3250 -36.0000000000
3309 -35.0000000000
3435 -34.0000000000
3454 -33.0000000000
3551 -32.0000000000
3643 -31.0000000000
3649 -30.0000000000
3725 -29.0000000000
3820 -28.0000000000
3919 -27.0000000000
4022 -26.0000000000
4080 -24.0000000000
4256 -23.0000000000
4352 -22.0000000000
4493 -20.0000000000
4527 -19.0000000000
4619 -18.0000000000
4760 -17.0000000000
4900 -16.0000000000
5037 -15.0000000000
5202 -14.0000000000
5248 -12.0000000000
5385 -11.0000000000
5475 -10.0000000000
5497 -9.0000000000
5581 -8.0000000000
5626 -7.0000000000
5786 -6.0000000000
5881 -5.0000000000
6164 -4.0000000000
6199 -3.0000000000
6229 -2.0000000000
6237 -1.0000000000
6383 367.0000000000
6415 368.0000000000
6479 369.0000000000
6525 370.0000000000
6606 385.0000000000
6654 390.0000000000
6941 391.0000000000
6961 393.0000000000
7078 397.0000000000
7136 398.0000000000
7154 403.0000000000
7271 405.0000000000
7363 408.0000000000
7418 415.0000000000
7641 416.0000000000
7777 418.0000000000
7807 421.0000000000
7820 423.0000000000
8188 427.0000000000
8883 428.0000000000
8980 430.0000000000
9315 435.0000000000
16453 436.0000000000
17854 437.0000000000
19039 438.0000000000
19948 439.0000000000
20476 440.0000000000
21494 441.0000000000
26157 443.0000000000
32828 445.0000000000
100052 384.0000000000
evaluations raw_y
1 -206.0000000000
2 -205.0000000000
3 -198.0000000000
6 -192.0000000000
21 -191.0000000000
51 -183.0000000000
67 -182.0000000000
121 -181.0000000000
154 -169.0000000000
197 -165.0000000000
262 -159.0000000000
297 -158.0000000000
342 -153.0000000000
392 -152.0000000000
393 -151.0000000000
396 -148.0000000000
406 -146.0000000000
456 -145.0000000000
490 -144.0000000000
494 -143.0000000000
530 -141.0000000000
538 -140.0000000000
592 -139.0000000000
617 -137.0000000000
660 -133.0000000000
662 -132.0000000000
711 -131.0000000000
712 -130.0000000000
715 -129.0000000000
755 -127.0000000000
844 -126.0000000000
848 -125.0000000000
893 -124.0000000000
898 -121.0000000000
947 -120.0000000000
993 -119.0000000000
1004 -117.0000000000
1043 -116.0000000000
1091 -115.0000000000
1136 -113.0000000000
1179 -111.0000000000
1183 -110.0000000000
1243 -109.0000000000
1283 -108.0000000000
1289 -106.0000000000
1317 -101.0000000000
1363 -98.0000000000
1404 -96.0000000000
1458 -95.0000000000
1465 -94.0000000000
1502 -93.0000000000
1552 -90.0000000000
1607 -89.0000000000
1636 -88.0000000000
1683 -87.0000000000
1691 -86.0000000000
1700 -85.0000000000
1788 -84.0000000000
1790 -83.0000000000
1831 -82.0000000000
1850 -81.0000000000
1887 -79.0000000000
1987 -77.0000000000
2085 -76.0000000000
2123 -74.0000000000
2164 -73.0000000000
2165 -71.0000000000
2310 -70.0000000000
2311 -69.0000000000
2360 -67.0000000000
2424 -65.0000000000
2519 -64.0000000000
2531 -62.0000000000
2625 -60.0000000000
2631 -59.0000000000
2638 -58.0000000000
2717 -56.0000000000
2719 -55.0000000000
2774 -53.0000000000
2820 -52.0000000000
2826 -50.0000000000
2918 -48.0000000000
2973 -47.0000000000
3015 -46.0000000000
3054 -45.0000000000
3119 -44.0000000000
3157 -43.0000000000
3199 -42.0000000000
3294 -41.0000000000
3297 -40.0000000000
3452 -38.0000000000
3587 -37.0000000000
3591 -36.0000000000
3598 -35.0000000000
3686 -34.0000000000
3733 -33.0000000000
3766 -31.0000000000
3796 -30.0000000000
3850 -27.0000000000
3865 -26.0000000000
3891 -25.0000000000
3939 -23.0000000000
3987 -21.0000000000
4105 -20.0000000000
4199 -19.0000000000
4242 -18.0000000000
4344 -17.0000000000
4428 -16.0000000000
4478 -15.0000000000
4564 -13.0000000000
4713 -12.0000000000
4912 -11.0000000000
4951 -9.0000000000
5144 -8.0000000000
5153 -7.0000000000
5258 -6.0000000000
5272 -5.0000000000
5372 -4.0000000000
5661 -3.0000000000
5764 -2.0000000000
5889 -1.0000000000
6133 390.0000000000
6254 392.0000000000
6291 394.0000000000
6304 397.0000000000
6352 398.0000000000
6458 404.0000000000
6502 411.0000000000
6822 417.0000000000
7498 419.0000000000
7649 424.0000000000
8319 425.0000000000
8403 427.0000000000
8729 429.0000000000
10712 430.0000000000
11948 431.0000000000
12772 432.0000000000
12873 435.0000000000
15143 436.0000000000
45545 439.0000000000
46167 441.0000000000
52035 442.0000000000
54601 444.0000000000
95842 445.0000000000
100052 419.0000000000
evaluations raw_y
1 -211.0000000000
3 -202.0000000000
17 -197.0000000000
59 -194.0000000000
70 -186.0000000000
113 -184.0000000000
136 -180.0000000000
140 -178.0000000000
148 -175.0000000000
164 -174.0000000000
191 -172.0000000000
224 -171.0000000000
232 -168.0000000000
268 -167.0000000000
271 -162.0000000000
330 -161.0000000000
336 -160.0000000000
366 -158.0000000000
374 -157.0000000000
422 -156.0000000000
469 -154.0000000000
471 -153.0000000000
527 -149.0000000000
569 -148.0000000000
613 -147.0000000000
656 -146.0000000000
659 -143.0000000000
703 -142.0000000000
796 -139.0000000000
854 -138.0000000000
860 -137.0000000000
892 -136.0000000000
898 -135.0000000000
900 -134.0000000000
943 -133.0000000000
950 -131.0000000000
1027 -128.0000000000
1055 -126.0000000000
1086 -124.0000000000
1103 -123.0000000000
1167 -122.0000000000
1196 -121.0000000000
1205 -120.0000000000
1218 -119.0000000000
1224 -118.0000000000
1276 -117.0000000000
1280 -116.0000000000
1337 -115.0000000000
1371 -114.0000000000
1428 -112.0000000000
1481 -110.0000000000
1488 -109.0000000000
1568 -108.0000000000
1584 -107.0000000000
1611 -106.0000000000
1662 -105.0000000000
1713 -102.0000000000
1763 -101.0000000000
1811 -100.0000000000
1856 -99.0000000000
1864 -98.0000000000
1901 -96.0000000000
1912 -95.0000000000
1917 -93.0000000000
2056 -91.0000000000
2060 -90.0000000000
2100 -89.0000000000
2139 -86.0000000000
2144 -84.0000000000
2235 -83.0000000000
2252 -82.0000000000
2257 -81.0000000000
2287 -80.0000000000
2337 -79.0000000000
2344 -78.0000000000
2400 -77.0000000000
2479 -76.0000000000
2496 -75.0000000000
2527 -73.0000000000
2548 -72.0000000000
2550 -71.0000000000
2595 -68.0000000000
2611 -65.0000000000
2614 -64.0000000000
2663 -63.0000000000
2698 -61.0000000000
2714 -58.0000000000
2755 -57.0000000000
2788 -56.0000000000
2843 -55.0000000000
2853 -54.0000000000
2940 -53.0000000000
2951 -52.0000000000
2995 -51.0000000000
3028 -50.0000000000
3076 -49.0000000000
3079 -47.0000000000
3138 -46.0000000000
3271 -45.0000000000
3336 -44.0000000000
3413 -43.0000000000
3470 -42.0000000000
3527 -40.0000000000
3612 -39.0000000000
3703 -38.0000000000
3714 -37.0000000000
3803 -36.0000000000
3826 -34.0000000000
3836 -31.0000000000
3936 -29.0000000000
4022 -28.0000000000
4123 -27.0000000000
4126 -26.0000000000
4256 -25.0000000000
4302 -24.0000000000
4312 -23.0000000000
4403 -22.0000000000
4509 -21.0000000000
4687 -20.0000000000
4745 -19.0000000000
4837 -18.0000000000
4885 -17.0000000000
4943 -16.0000000000
4947 -14.0000000000
5103 -13.0000000000
5112 -12.0000000000
5142 -8.0000000000
5250 -6.0000000000
5296 -5.0000000000
5382 -4.0000000000
5524 -3.0000000000
5543 -2.0000000000
6165 -1.0000000000
6294 397.0000000000
6437 401.0000000000
6447 406.0000000000
6583 407.0000000000
6628 409.0000000000
6879 414.0000000000
7127 418.0000000000
7456 419.0000000000
7497 422.0000000000
8133 426.0000000000
8316 428.0000000000
9694 430.0000000000
9892 431.0000000000
10493 432.0000000000
11527 433.0000000000
12587 434.0000000000
16335 435.0000000000
18660 437.0000000000
20192 439.0000000000
21026 441.0000000000
24831 442.0000000000
30761 443.0000000000
100052 438.0000000000
evaluations raw_y
1 -221.0000000000
3 -199.0000000000
12 -187.0000000000
73 -184.0000000000
82 -179.0000000000
130 -178.0000000000
142 -171.0000000000
171 -169.0000000000
176 -167.0000000000
177 -166.0000000000
184 -165.0000000000
192 -163.0000000000
217 -162.0000000000
223 -161.0000000000
230 -160.0000000000
233 -159.0000000000
284 -158.0000000000
290 -157.0000000000
318 -153.0000000000
334 -152.0000000000
373 -151.0000000000
384 -150.0000000000
413 -149.0000000000
420 -148.0000000000
470 -146.0000000000
507 -144.0000000000
524 -143.0000000000
563 -141.0000000000
606 -140.0000000000
656 -139.0000000000
661 -138.0000000000
710 -136.0000000000
751 -135.0000000000
808 -134.0000000000
846 -133.0000000000
900 -132.0000000000
904 -130.0000000000
911 -129.0000000000
941 -128.0000000000
944 -127.0000000000
991 -125.0000000000
1032 -124.0000000000
1069 -123.0000000000
1097 -122.0000000000
1107 -121.0000000000
1137 -119.0000000000
1182 -118.0000000000
1233 -116.0000000000
1278 -115.0000000000
1281 -112.0000000000
1318 -111.0000000000
1341 -110.0000000000
1352 -108.0000000000
1366 -107.0000000000
1405 -102.0000000000
1413 -101.0000000000
1443 -99.0000000000
1496 -98.0000000000
1540 -96.0000000000
1592 -94.0000000000
1610 -93.0000000000
1653 -91.0000000000
1690 -89.0000000000
1741 -87.0000000000
1781 -86.0000000000
1791 -85.0000000000
1827 -83.0000000000
1876 -81.0000000000
1982 -79.0000000000
1984 -78.0000000000
2035 -77.0000000000
2087 -76.0000000000
2138 -75.0000000000
2171 -74.0000000000
2175 -73.0000000000
2218 -72.0000000000
2259 -71.0000000000
2270 -70.0000000000
2373 -68.0000000000
2406 -67.0000000000
2423 -66.0000000000
2460 -65.0000000000
2558 -64.0000000000
2604 -63.0000000000
2616 -62.0000000000
2667 -58.0000000000
2729 -57.0000000000
2767 -55.0000000000
2819 -52.0000000000
2861 -50.0000000000
2907 -47.0000000000
2965 -46.0000000000
3023 -44.0000000000
3120 -43.0000000000
3196 -42.0000000000
3300 -41.0000000000
3302 -40.0000000000
3402 -39.0000000000
3490 -38.0000000000
3543 -35.0000000000
3640 -34.0000000000
3680 -33.0000000000
3705 -32.0000000000
3799 -30.0000000000
3846 -29.0000000000
3948 -28.0000000000
3994 -25.0000000000
4051 -24.0000000000
4179 -22.0000000000
4201 -21.0000000000
4231 -20.0000000000
4233 -19.0000000000
4298 -18.0000000000
4335 -16.0000000000
4420 -15.0000000000
4442 -14.0000000000
4612 -13.0000000000
4668 -12.0000000000
4711 -11.0000000000
4858 -10.0000000000
5001 -9.0000000000
5088 -8.0000000000
5124 -7.0000000000
5185 -6.0000000000
5318 -5.0000000000
5408 -4.0000000000
5480 -3.0000000000
5729 -2.0000000000
5921 -1.0000000000
6016 387.0000000000
6138 392.0000000000
6149 402.0000000000
6257 403.0000000000
6390 408.0000000000
6402 412.0000000000
6570 414.0000000000
6871 417.0000000000
6906 421.0000000000
7345 422.0000000000
7386 425.0000000000
7957 428.0000000000
8891 429.0000000000
8978 430.0000000000
9692 431.0000000000
9771 432.0000000000
11040 435.0000000000
13067 437.0000000000
13334 439.0000000000
15331 440.0000000000
17071 442.0000000000
53093 443.0000000000
73799 444.0000000000
75807 445.0000000000
88754 446.0000000000
100052 381.0000000000
evaluations raw_y
1 -212.0000000000
2 -203.0000000000
4 -189.0000000000
61 -188.0000000000
104 -179.0000000000
116 -178.0000000000
200 -173.0000000000
203 -170.0000000000
218 -167.0000000000
246 -165.0000000000
252 -164.0000000000
257 -160.0000000000
261 -159.0000000000
306 -155.0000000000
446 -152.0000000000
449 -151.0000000000
519 -150.0000000000
533 -149.0000000000
546 -147.0000000000
582 -146.0000000000
595 -145.0000000000
602 -144.0000000000
629 -143.0000000000
648 -142.0000000000
680 -141.0000000000
726 -140.0000000000
732 -139.0000000000
738 -137.0000000000
743 -136.0000000000
825 -134.0000000000
838 -133.0000000000
874 -132.0000000000
922 -131.0000000000
933 -130.0000000000
964 -126.0000000000
978 -125.0000000000
1028 -124.0000000000
1060 -122.0000000000
1157 -120.0000000000
1174 -117.0000000000
1268 -115.0000000000
1308 -114.0000000000
1364 -113.0000000000
1365 -111.0000000000
1408 -110.0000000000
1433 -104.0000000000
1467 -103.0000000000
1472 -98.0000000000
1564 -97.0000000000
1568 -96.0000000000
1577 -92.0000000000
1622 -91.0000000000
1660 -90.0000000000
1665 -87.0000000000
1670 -86.0000000000
1729 -85.0000000000
1756 -83.0000000000
1771 -82.0000000000
1807 -80.0000000000
1851 -79.0000000000
1905 -78.0000000000
1966 -77.0000000000
2094 -76.0000000000
2144 -75.0000000000
2194 -74.0000000000
2200 -73.0000000000
2249 -72.0000000000
2293 -71.0000000000
2348 -70.0000000000
2396 -69.0000000000
2440 -68.0000000000
2480 -67.0000000000
2495 -66.0000000000
2530 -64.0000000000
2541 -63.0000000000
2660 -62.0000000000
2702 -61.0000000000
2713 -56.0000000000
2852 -55.0000000000
2889 -54.0000000000
2898 -53.0000000000
2985 -52.0000000000
3000 -51.0000000000
3036 -50.0000000000
3044 -49.0000000000
3133 -48.0000000000
3136 -47.0000000000
3191 -45.0000000000
3325 -43.0000000000
3366 -42.0000000000
3460 -41.0000000000
3472 -39.0000000000
3605 -38.0000000000
3653 -37.0000000000
3731 -36.0000000000
3740 -35.0000000000
3744 -34.0000000000
3823 -32.0000000000
3841 -31.0000000000
3917 -30.0000000000
3932 -27.0000000000
3974 -26.0000000000
4123 -25.0000000000
4218 -24.0000000000
4306 -23.0000000000
4357 -22.0000000000
4456 -21.0000000000
4502 -20.0000000000
4544 -19.0000000000
4636 -18.0000000000
4700 -17.0000000000
4798 -16.0000000000
4928 -15.0000000000
4931 -14.0000000000
5054 -13.0000000000
5174 -12.0000000000
5204 -11.0000000000
5287 -10.0000000000
5349 -9.0000000000
5427 -8.0000000000
5486 -7.0000000000
5593 -6.0000000000
5641 -5.0000000000
5715 -4.0000000000
5823 -3.0000000000
5877 -2.0000000000
6056 390.0000000000
6138 396.0000000000
6146 401.0000000000
6239 407.0000000000
6402 413.0000000000
6512 415.0000000000
6637 417.0000000000
6823 418.0000000000
7530 421.0000000000
7672 423.0000000000
8164 425.0000000000
9033 426.0000000000
9131 429.0000000000
10684 431.0000000000
10812 433.0000000000
13353 434.0000000000
14618 435.0000000000
16057 437.0000000000
20025 438.0000000000
24570 440.0000000000
38931 441.0000000000
42980 442.0000000000
86100 443.0000000000
100052 -1.0000000000
evaluations raw_y
1 -207.0000000000
11 -194.0000000000
66 -191.0000000000
76 -188.0000000000
80 -184.0000000000
82 -181.0000000000
90 -179.0000000000
111 -175.0000000000
149 -169.0000000000
186 -168.0000000000
192 -167.0000000000
197 -166.0000000000
208 -160.0000000000
248 -159.0000000000
249 -157.0000000000
293 -156.0000000000
296 -150.0000000000
313 -149.0000000000
348 -146.0000000000
352 -145.0000000000
441 -144.0000000000
447 -142.0000000000
451 -140.0000000000
483 -137.0000000000
495 -136.0000000000
541 -135.0000000000
582 -134.0000000000
591 -130.0000000000
598 -127.0000000000
681 -126.0000000000
697 -125.0000000000
773 -124.0000000000
819 -123.0000000000
832 -122.0000000000
834 -120.0000000000
867 -118.0000000000
884 -115.0000000000
936 -114.0000000000
974 -113.0000000000
1066 -111.0000000000
1108 -110.0000000000
1112 -109.0000000000
1120 -108.0000000000
1127 -107.0000000000
1204 -106.0000000000
1251 -105.0000000000
1261 -104.0000000000
1310 -103.0000000000
1327 -102.0000000000
1385 -100.0000000000
1425 -99.0000000000
1432 -98.0000000000
1435 -97.0000000000
1468 -95.0000000000
1480 -93.0000000000
1569 -91.0000000000
1583 -88.0000000000
1620 -87.0000000000
1670 -86.0000000000
1708 -85.0000000000
1709 -84.0000000000
1763 -83.0000000000
1774 -82.0000000000
1854 -81.0000000000
1864 -79.0000000000
1918 -78.0000000000
1957 -77.0000000000
1997 -76.0000000000
2060 -75.0000000000
2092 -74.0000000000
2099 -73.0000000000
2103 -72.0000000000
2151 -71.0000000000
2240 -70.0000000000
2248 -69.0000000000
2331 -68.0000000000
2338 -67.0000000000
2380 -65.0000000000
2440 -64.0000000000
2550 -63.0000000000
2552 -62.0000000000
2566 -61.0000000000
2589 -60.0000000000
2601 -58.0000000000
2645 -57.0000000000
2693 -56.0000000000
2737 -54.0000000000
2748 -53.0000000000
2840 -52.0000000000
2889 -51.0000000000
3016 -50.0000000000
3027 -49.0000000000
3050 -48.0000000000
3077 -45.0000000000
3189 -44.0000000000
3325 -43.0000000000
3372 -42.0000000000
3513 -41.0000000000
3525 -40.0000000000
3611 -39.0000000000
3670 -38.0000000000
3719 -37.0000000000
3800 -36.0000000000
3810 -34.0000000000
3952 -33.0000000000
4019 -32.0000000000
4040 -31.0000000000
4144 -30.0000000000
4205 -29.0000000000
4421 -28.0000000000
4471 -27.0000000000
4529 -26.0000000000
4556 -25.0000000000
4591 -24.0000000000
4704 -22.0000000000
4752 -21.0000000000
4894 -20.0000000000
4944 -19.0000000000
4998 -18.0000000000
5042 -17.0000000000
5053 -16.0000000000
5057 -15.0000000000
5105 -14.0000000000
5170 -13.0000000000
5198 -11.0000000000
5242 -10.0000000000
5287 -9.0000000000
5344 -8.0000000000
5442 -6.0000000000
5494 -4.0000000000
5619 -2.0000000000
5815 -1.0000000000
5962 383.0000000000
6255 395.0000000000
6315 397.0000000000
6443 402.0000000000
6472 407.0000000000
6569 409.0000000000
6929 412.0000000000
7004 413.0000000000
7328 414.0000000000
7421 416.0000000000
7428 417.0000000000
7898 419.0000000000
7923 420.0000000000
7925 425.0000000000
8412 426.0000000000
8912 427.0000000000
9307 429.0000000000
9640 433.0000000000
10061 435.0000000000
10494 436.0000000000
13097 438.0000000000
14963 440.0000000000
17170 441.0000000000
34369 442.0000000000
71579 443.0000000000
100052 170.0000000000
evaluations raw_y
1 -219.0000000000
3 -214.0000000000
4 -202.0000000000
5 -189.0000000000
53 -173.0000000000
99 -171.0000000000
163 -170.0000000000
196 -169.0000000000
204 -168.0000000000
215 -167.0000000000
218 -166.0000000000
235 -159.0000000000
290 -152.0000000000
368 -146.0000000000
424 -145.0000000000
425 -144.0000000000
469 -142.0000000000
513 -141.0000000000
516 -140.0000000000
566 -136.0000000000
568 -135.0000000000
609 -132.0000000000
653 -131.0000000000
706 -129.0000000000
720 -128.0000000000
809 -127.0000000000
855 -126.0000000000
898 -124.0000000000
949 -123.0000000000
996 -121.0000000000
1006 -119.0000000000
1044 -118.0000000000
1092 -117.0000000000
1140 -114.0000000000
1190 -110.0000000000
1229 -109.0000000000
1249 -108.0000000000
1320 -106.0000000000
1347 -105.0000000000
1350 -102.0000000000
1367 -100.0000000000
1411 -99.0000000000
1445 -97.0000000000
1453 -93.0000000000
1462 -92.0000000000
1464 -88.0000000000
1546 -87.0000000000
1588 -86.0000000000
1589 -85.0000000000
1591 -84.0000000000
1639 -83.0000000000
1689 -82.0000000000
1698 -81.0000000000
1733 -79.0000000000
1795 -78.0000000000
1891 -77.0000000000
1932 -75.0000000000
1978 -73.0000000000
1982 -72.0000000000
2075 -71.0000000000
2119 -70.0000000000
2126 -69.0000000000
2182 -67.0000000000
2229 -66.0000000000
2281 -65.0000000000
2324 -64.0000000000
2329 -62.0000000000
2519 -61.0000000000
2548 -60.0000000000
2570 -59.0000000000
2612 -58.0000000000
2618 -57.0000000000
2645 -56.0000000000
2663 -55.0000000000
2714 -53.0000000000
2761 -51.0000000000
2878 -50.0000000000
2936 -49.0000000000
3011 -48.0000000000
3032 -47.0000000000
3175 -46.0000000000
3191 -45.0000000000
3315 -43.0000000000
3370 -41.0000000000
3469 -40.0000000000
3523 -39.0000000000
3561 -37.0000000000
3575 -36.0000000000
3655 -35.0000000000
3757 -34.0000000000
3770 -33.0000000000
3826 -30.0000000000
3869 -29.0000000000
3965 -28.0000000000
4028 -27.0000000000
4207 -25.0000000000
4346 -23.0000000000
4501 -22.0000000000
4707 -21.0000000000
4763 -20.0000000000
4810 -19.0000000000
4852 -18.0000000000
4913 -17.0000000000
4917 -15.0000000000
4996 -14.0000000000
5058 -13.0000000000
5108 -12.0000000000
5112 -11.0000000000
5284 -10.0000000000
5428 -9.0000000000
5436 -8.0000000000
5538 -7.0000000000
5683 -6.0000000000
5817 -5.0000000000
5902 -4.0000000000
6045 -3.0000000000
6097 -2.0000000000
6253 -1.0000000000
6258 386.0000000000
6440 388.0000000000
6535 389.0000000000
6587 390.0000000000
6597 395.0000000000
6648 400.0000000000
6732 405.0000000000
7272 410.0000000000
7525 412.0000000000
7654 413.0000000000
7705 415.0000000000
7873 416.0000000000
7905 419.0000000000
8043 421.0000000000
8527 422.0000000000
8801 423.0000000000
9314 424.0000000000
9377 425.0000000000
10574 430.0000000000
12462 432.0000000000
13166 435.0000000000
14991 438.0000000000
16153 440.0000000000
21964 442.0000000000
31155 444.0000000000
100052 350.0000000000
evaluations raw_y
1 -208.0000000000
8 -201.0000000000
19 -199.0000000000
55 -190.0000000000
98 -186.0000000000
120 -183.0000000000
156 -177.0000000000
192 -176.0000000000
247 -173.0000000000
256 -170.0000000000
296 -169.0000000000
300 -167.0000000000
339 -166.0000000000
344 -165.0000000000
361 -163.0000000000
408 -162.0000000000
409 -159.0000000000
442 -158.0000000000
449 -157.0000000000
500 -155.0000000000
579 -154.0000000000
583 -152.0000000000
591 -151.0000000000
602 -150.0000000000
638 -148.0000000000
682 -147.0000000000
694 -146.0000000000
724 -143.0000000000
745 -142.0000000000
787 -141.0000000000
790 -139.0000000000
867 -138.0000000000
874 -137.0000000000
878 -136.0000000000
890 -135.0000000000
915 -134.0000000000
923 -133.0000000000
970 -132.0000000000
977 -131.0000000000
979 -130.0000000000
1061 -128.0000000000
1079 -127.0000000000
1109 -125.0000000000
1128 -124.0000000000
1166 -123.0000000000
1211 -122.0000000000
1215 -118.0000000000
1226 -117.0000000000
1268 -115.0000000000
1328 -113.0000000000
1379 -112.0000000000
1389 -110.0000000000
1431 -107.0000000000
1469 -104.0000000000
1564 -102.0000000000
1580 -100.0000000000
1618 -95.0000000000
1661 -92.0000000000
1715 -90.0000000000
1725 -89.0000000000
1727 -87.0000000000
1765 -86.0000000000
1804 -85.0000000000
1817 -84.0000000000
1823 -83.0000000000
1860 -82.0000000000
1900 -81.0000000000
1919 -80.0000000000
2006 -79.0000000000
2046 -78.0000000000
2053 -77.0000000000
2095 -76.0000000000
2097 -75.0000000000
2107 -74.0000000000
2151 -72.0000000000
2210 -71.0000000000
2247 -68.0000000000
2301 -67.0000000000
2343 -66.0000000000
2381 -65.0000000000
2430 -64.0000000000
2431 -63.0000000000
2523 -62.0000000000
2585 -61.0000000000
2626 -60.0000000000
2635 -59.0000000000
2703 -57.0000000000
2705 -55.0000000000
2755 -54.0000000000
2851 -53.0000000000
2889 -52.0000000000
2892 -51.0000000000
2899 -49.0000000000
2950 -48.0000000000
3027 -47.0000000000
3175 -46.0000000000
3317 -45.0000000000
3368 -44.0000000000
3370 -43.0000000000
3419 -41.0000000000
3465 -40.0000000000
3527 -39.0000000000
3603 -38.0000000000
3747 -37.0000000000
3751 -36.0000000000
3778 -35.0000000000
3832 -34.0000000000
3881 -33.0000000000
3884 -32.0000000000
3921 -29.0000000000
4027 -28.0000000000
4077 -27.0000000000
4121 -26.0000000000
4126 -25.0000000000
4225 -24.0000000000
4352 -23.0000000000
4460 -22.0000000000
4498 -21.0000000000
4512 -20.0000000000
4558 -19.0000000000
4646 -18.0000000000
4772 -17.0000000000
4836 -16.0000000000
4911 -15.0000000000
4950 -14.0000000000
4962 -12.0000000000
5000 -10.0000000000
5012 -9.0000000000
5062 -8.0000000000
5237 -7.0000000000
5256 -6.0000000000
5336 -4.0000000000
5491 -3.0000000000
5525 -2.0000000000
5576 -1.0000000000
5586 386.0000000000
5670 390.0000000000
5782 394.0000000000
5824 395.0000000000
6116 398.0000000000
6255 400.0000000000
6462 401.0000000000
6509 402.0000000000
6651 405.0000000000
6659 407.0000000000
7036 411.0000000000
7100 413.0000000000
7283 415.0000000000
7334 418.0000000000
7735 419.0000000000
8103 424.0000000000
8579 426.0000000000
9213 427.0000000000
9294 428.0000000000
9877 430.0000000000
9938 431.0000000000
11272 432.0000000000
11657 433.0000000000
13667 434.0000000000
15007 435.0000000000
16252 436.0000000000
16876 438.0000000000
20592 440.0000000000
22890 441.0000000000
42581 442.0000000000
100052 116.0000000000
evaluations raw_y
1 -228.0000000000
2 -200.0000000000
13 -195.0000000000
14 -188.0000000000
65 -185.0000000000
82 -181.0000000000
84 -180.0000000000
90 -175.0000000000
106 -173.0000000000
144 -172.0000000000
154 -170.0000000000
167 -168.0000000000
191 -165.0000000000
218 -162.0000000000
237 -161.0000000000
248 -160.0000000000
269 -159.0000000000
276 -158.0000000000
282 -157.0000000000
292 -154.0000000000
314 -152.0000000000
343 -149.0000000000
391 -148.0000000000
393 -147.0000000000
402 -145.0000000000
489 -144.0000000000
492 -142.0000000000
498 -140.0000000000
540 -139.0000000000
550 -138.0000000000
580 -137.0000000000
596 -136.0000000000
627 -134.0000000000
678 -132.0000000000
736 -131.0000000000
786 -130.0000000000
788 -126.0000000000
874 -125.0000000000
917 -124.0000000000
969 -122.0000000000
975 -121.0000000000
1025 -120.0000000000
1078 -118.0000000000
1109 -117.0000000000
1173 -115.0000000000
1220 -111.0000000000
1314 -109.0000000000
1361 -108.0000000000
1382 -107.0000000000
1392 -106.0000000000
1427 -104.0000000000
1436 -99.0000000000
1473 -95.0000000000
1533 -93.0000000000
1572 -91.0000000000
1581 -90.0000000000
1619 -87.0000000000
1681 -86.0000000000
1710 -85.0000000000
1718 -81.0000000000
1722 -79.0000000000
1768 -77.0000000000
1806 -76.0000000000
1812 -73.0000000000
1872 -72.0000000000
1913 -71.0000000000
1922 -70.0000000000
2018 -69.0000000000
2054 -68.0000000000
2058 -66.0000000000
2145 -65.0000000000
2201 -64.0000000000
2239 -63.0000000000
2336 -62.0000000000
2392 -61.0000000000
2438 -59.0000000000
2532 -58.0000000000
2543 -57.0000000000
2627 -56.0000000000
2680 -55.0000000000
2711 -53.0000000000
2753 -50.0000000000
2790 -49.0000000000
2839 -46.0000000000
2939 -43.0000000000
3086 -42.0000000000
3178 -41.0000000000
3180 -40.0000000000
3322 -39.0000000000
3383 -38.0000000000
3563 -37.0000000000
3604 -36.0000000000
3616 -35.0000000000
3662 -34.0000000000
3701 -33.0000000000
3748 -32.0000000000
3856 -31.0000000000
3896 -30.0000000000
3903 -29.0000000000
3949 -28.0000000000
4022 -27.0000000000
4077 -26.0000000000
4137 -24.0000000000
4153 -23.0000000000
4243 -22.0000000000
4289 -21.0000000000
4310 -20.0000000000
4334 -19.0000000000
4453 -18.0000000000
4555 -17.0000000000
4560 -16.0000000000
4683 -15.0000000000
4798 -14.0000000000
4914 -13.0000000000
5001 -11.0000000000
5107 -10.0000000000
5192 -9.0000000000
5336 -8.0000000000
5432 -7.0000000000
5568 -6.0000000000
5597 -5.0000000000
5750 -4.0000000000
5932 -3.0000000000
6077 -2.0000000000
6157 -1.0000000000
6253 338.0000000000
6264 399.0000000000
6340 408.0000000000
6732 409.0000000000
6774 413.0000000000
6792 414.0000000000
6982 416.0000000000
7253 419.0000000000
7403 420.0000000000
7684 422.0000000000
7688 425.0000000000
7735 426.0000000000
8134 428.0000000000
8173 432.0000000000
9385 433.0000000000
11521 435.0000000000
11900 436.0000000000
12040 437.0000000000
12711 438.0000000000
62410 439.0000000000
67536 443.0000000000
100052 200.0000000000
evaluations raw_y
1 -199.0000000000
46 -198.0000000000
81 -197.0000000000
86 -195.0000000000
87 -193.0000000000
96 -190.0000000000
98 -187.0000000000
110 -186.0000000000
113 -182.0000000000
131 -176.0000000000
162 -174.0000000000
168 -173.0000000000
190 -171.0000000000
218 -170.0000000000
241 -167.0000000000
276 -161.0000000000
328 -160.0000000000
329 -159.0000000000
338 -158.0000000000
356 -156.0000000000
395 -155.0000000000
414 -154.0000000000
415 -152.0000000000
441 -151.0000000000
463 -150.0000000000
509 -149.0000000000
521 -146.0000000000
543 -144.0000000000
569 -143.0000000000
620 -142.0000000000
653 -141.0000000000
665 -139.0000000000
669 -138.0000000000
692 -137.0000000000
766 -134.0000000000
804 -133.0000000000
862 -132.0000000000
867 -131.0000000000
897 -130.0000000000
925 -129.0000000000
982 -126.0000000000
1040 -124.0000000000
1087 -123.0000000000
1117 -121.0000000000
1157 -120.0000000000
1159 -119.0000000000
1181 -118.0000000000
1193 -116.0000000000
1253 -115.0000000000
1280 -113.0000000000
1282 -112.0000000000
1283 -111.0000000000
1376 -110.0000000000
1381 -109.0000000000
1390 -106.0000000000
1432 -105.0000000000
1484 -104.0000000000
1517 -101.0000000000
1568 -98.0000000000
1630 -97.0000000000
1768 -96.0000000000
1810 -95.0000000000
1817 -94.0000000000
1857 -92.0000000000
1863 -91.0000000000
1909 -88.0000000000
1995 -87.0000000000
2014 -83.0000000000
2053 -82.0000000000
2108 -80.0000000000
2155 -79.0000000000
2249 -78.0000000000
2289 -77.0000000000
2292 -76.0000000000
2296 -75.0000000000
2348 -74.0000000000
2397 -73.0000000000
2433 -72.0000000000
2479 -71.0000000000
2486 -69.0000000000
2510 -63.0000000000
2558 -62.0000000000
2610 -60.0000000000
2644 -59.0000000000
2654 -55.0000000000
2709 -53.0000000000
2746 -52.0000000000
2755 -50.0000000000
2801 -47.0000000000
2897 -46.0000000000
2942 -44.0000000000
2947 -43.0000000000
3027 -42.0000000000
3089 -41.0000000000
3141 -40.0000000000
3184 -39.0000000000
3279 -38.0000000000
3315 -36.0000000000
3329 -35.0000000000
3524 -34.0000000000
3571 -33.0000000000
3711 -32.0000000000
3799 -31.0000000000
3831 -30.0000000000
3876 -29.0000000000
3927 -27.0000000000
4027 -26.0000000000
4128 -25.0000000000
4220 -22.0000000000
4311 -21.0000000000
4314 -20.0000000000
4355 -19.0000000000
4547 -18.0000000000
4656 -17.0000000000
4897 -16.0000000000
4958 -15.0000000000
5015 -14.0000000000
5095 -13.0000000000
5103 -12.0000000000
5158 -11.0000000000
5193 -9.0000000000
5296 -8.0000000000
5445 -7.0000000000
5574 -6.0000000000
5766 -5.0000000000
5921 -4.0000000000
6119 -3.0000000000
6191 -2.0000000000
6315 -1.0000000000
6432 409.0000000000
6480 411.0000000000
6565 413.0000000000
6623 415.0000000000
6715 421.0000000000
6892 423.0000000000
7195 428.0000000000
7908 430.0000000000
8386 431.0000000000
8549 432.0000000000
9292 439.0000000000
9822 441.0000000000
12119 443.0000000000
12790 444.0000000000
12880 445.0000000000
13550 446.0000000000
18279 447.0000000000
100052 249.0000000000
evaluations raw_y
1 -206.0000000000
7 -204.0000000000
19 -203.0000000000
23 -202.0000000000
32 -201.0000000000
43 -187.0000000000
72 -184.0000000000
89 -182.0000000000
152 -176.0000000000
159 -166.0000000000
249 -164.0000000000
260 -163.0000000000
266 -161.0000000000
309 -158.0000000000
346 -156.0000000000
356 -155.0000000000
391 -152.0000000000
394 -151.0000000000
438 -149.0000000000
456 -148.0000000000
484 -146.0000000000
503 -145.0000000000
538 -144.0000000000
601 -142.0000000000
635 -140.0000000000
678 -137.0000000000
689 -136.0000000000
772 -135.0000000000
787 -132.0000000000
876 -131.0000000000
920 -130.0000000000
922 -129.0000000000
973 -128.0000000000
1015 -127.0000000000
1024 -126.0000000000
1060 -125.0000000000
1063 -124.0000000000
1075 -123.0000000000
1108 -122.0000000000
1168 -121.0000000000
1214 -120.0000000000
1254 -116.0000000000
1321 -115.0000000000
1350 -114.0000000000
1360 -113.0000000000
1396 -112.0000000000
1410 -111.0000000000
1422 -107.0000000000
1467 -106.0000000000
1482 -105.0000000000
1490 -104.0000000000
1524 -103.0000000000
1529 -101.0000000000
1567 -100.0000000000
1575 -99.0000000000
1614 -98.0000000000
1618 -96.0000000000
1621 -95.0000000000
1674 -94.0000000000
1728 -93.0000000000
1730 -90.0000000000
1757 -85.0000000000
1901 -82.0000000000
1954 -81.0000000000
1969 -80.0000000000
2016 -79.0000000000
2049 -78.0000000000
2058 -77.0000000000
2105 -75.0000000000
2153 -74.0000000000
2193 -73.0000000000
2204 -71.0000000000
2291 -69.0000000000
2383 -67.0000000000
2530 -66.0000000000
2531 -65.0000000000
2574 -64.0000000000
2673 -63.0000000000
2687 -62.0000000000
2765 -61.0000000000
2832 -60.0000000000
2913 -59.0000000000
2916 -58.0000000000
3010 -57.0000000000
3055 -54.0000000000
3198 -53.0000000000
3201 -52.0000000000
3211 -51.0000000000
3342 -50.0000000000
3491 -49.0000000000
3497 -48.0000000000
3590 -47.0000000000
3627 -44.0000000000
3744 -43.0000000000
3796 -40.0000000000
3865 -39.0000000000
3896 -38.0000000000
3912 -37.0000000000
3940 -36.0000000000
3953 -35.0000000000
4046 -34.0000000000
4138 -33.0000000000
4144 -32.0000000000
4181 -31.0000000000
4281 -30.0000000000
4323 -29.0000000000
4429 -28.0000000000
4518 -27.0000000000
4576 -26.0000000000
4580 -24.0000000000
4676 -22.0000000000
4761 -21.0000000000
4812 -20.0000000000
4823 -19.0000000000
4852 -18.0000000000
4947 -17.0000000000
5034 -16.0000000000
5114 -15.0000000000
5173 -13.0000000000
5321 -12.0000000000
5423 -11.0000000000
5534 -10.0000000000
5618 -9.0000000000
5763 -8.0000000000
5880 -7.0000000000
6018 -6.0000000000
6257 -5.0000000000
6352 -4.0000000000
6393 -3.0000000000
6450 -2.0000000000
6682 -1.0000000000
6886 357.0000000000
6931 364.0000000000
7029 366.0000000000
7115 372.0000000000
7305 379.0000000000
7336 386.0000000000
7359 390.0000000000
7417 393.0000000000
7523 394.0000000000
7544 396.0000000000
7608 398.0000000000
7635 400.0000000000
7659 405.0000000000
7683 406.0000000000
7973 408.0000000000
8154 411.0000000000
8244 415.0000000000
8432 418.0000000000
8619 423.0000000000
9188 429.0000000000
9604 430.0000000000
10471 433.0000000000
11355 434.0000000000
11414 437.0000000000
11419 438.0000000000
12368 439.0000000000
12858 440.0000000000
15595 441.0000000000
21973 443.0000000000
51944 444.0000000000
100052 265.0000000000
evaluations raw_y
1 -216.0000000000
4 -210.0000000000
7 -209.0000000000
9 -198.0000000000
22 -193.0000000000
30 -192.0000000000
48 -187.0000000000
59 -185.0000000000
73 -174.0000000000
112 -169.0000000000
147 -167.0000000000
168 -164.0000000000
192 -160.0000000000
197 -159.0000000000
206 -158.0000000000
250 -155.0000000000
266 -153.0000000000
291 -152.0000000000
339 -146.0000000000
393 -145.0000000000
444 -144.0000000000
445 -141.0000000000
487 -140.0000000000
495 -138.0000000000
538 -137.0000000000
564 -136.0000000000
579 -135.0000000000
591 -134.0000000000
630 -132.0000000000
635 -131.0000000000
678 -130.0000000000
688 -128.0000000000
725 -127.0000000000
729 -125.0000000000
784 -123.0000000000
829 -122.0000000000
880 -121.0000000000
920 -120.0000000000
924 -119.0000000000
968 -118.0000000000
970 -114.0000000000
1067 -113.0000000000
1114 -111.0000000000
1157 -109.0000000000
1203 -108.0000000000
1213 -107.0000000000
1262 -105.0000000000
1342 -99.0000000000
1371 -95.0000000000
1389 -94.0000000000
1425 -91.0000000000
1436 -87.0000000000
1473 -84.0000000000
1487 -83.0000000000
1581 -78.0000000000
1672 -77.0000000000
1673 -76.0000000000
1719 -75.0000000000
1775 -74.0000000000
1814 -73.0000000000
1816 -71.0000000000
1919 -70.0000000000
1921 -69.0000000000
2007 -68.0000000000
2047 -67.0000000000
2099 -66.0000000000
2238 -65.0000000000
2290 -64.0000000000
2428 -62.0000000000
2588 -61.0000000000
2626 -60.0000000000
2662 -59.0000000000
2665 -58.0000000000
2779 -57.0000000000
2825 -56.0000000000
2911 -55.0000000000
2918 -54.0000000000
2960 -53.0000000000
3019 -52.0000000000
3024 -51.0000000000
3103 -50.0000000000
3113 -49.0000000000
3150 -48.0000000000
3164 -47.0000000000
3202 -46.0000000000
3257 -45.0000000000
3314 -44.0000000000
3408 -43.0000000000
3543 -42.0000000000
3687 -41.0000000000
3745 -39.0000000000
3755 -37.0000000000
3760 -35.0000000000
3802 -34.0000000000
3892 -33.0000000000
3944 -32.0000000000
3996 -30.0000000000
4045 -29.0000000000
4283 -28.0000000000
4290 -27.0000000000
4379 -26.0000000000
4469 -25.0000000000
4622 -24.0000000000
4756 -23.0000000000
4763 -22.0000000000
4851 -21.0000000000
5004 -20.0000000000
5008 -19.0000000000
5053 -18.0000000000
5140 -17.0000000000
5217 -16.0000000000
5260 -12.0000000000
5367 -11.0000000000
5409 -10.0000000000
5471 -9.0000000000
5518 -8.0000000000
5604 -7.0000000000
5650 -6.0000000000
5941 -5.0000000000
6124 -4.0000000000
6145 -3.0000000000
6375 -2.0000000000
6465 -1.0000000000
6663 403.0000000000
6876 405.0000000000
7261 407.0000000000
7411 412.0000000000
7643 413.0000000000
7785 414.0000000000
7879 415.0000000000
7973 417.0000000000
8250 420.0000000000
8260 423.0000000000
8290 425.0000000000
8594 428.0000000000
9397 429.0000000000
9492 431.0000000000
10064 435.0000000000
13689 437.0000000000
25539 438.0000000000
32477 439.0000000000
46859 441.0000000000
87564 442.0000000000
94926 443.0000000000
100052 414.0000000000
evaluations raw_y
1 -218.0000000000
2 -217.0000000000
4 -210.0000000000
5 -205.0000000000
9 -203.0000000000
12 -199.0000000000
16 -195.0000000000
17 -192.0000000000
20 -185.0000000000
57 -177.0000000000
151 -173.0000000000
154 -172.0000000000
157 -168.0000000000
166 -167.0000000000
200 -161.0000000000
250 -157.0000000000
251 -153.0000000000
284 -150.0000000000
294 -147.0000000000
297 -143.0000000000
352 -142.0000000000
356 -140.0000000000
392 -137.0000000000
408 -135.0000000000
488 -134.0000000000
498 -133.0000000000
538 -132.0000000000
540 -129.0000000000
600 -125.0000000000
638 -124.0000000000
695 -121.0000000000
771 -119.0000000000
823 -118.0000000000
838 -117.0000000000
869 -116.0000000000
885 -115.0000000000
928 -114.0000000000
967 -111.0000000000
1060 -109.0000000000
1079 -107.0000000000
1118 -106.0000000000
1129 -105.0000000000
1165 -104.0000000000
1215 -103.0000000000
1256 -102.0000000000
1303 -101.0000000000
1316 -99.0000000000
1349 -97.0000000000
1351 -96.0000000000
1400 -94.0000000000
1403 -93.0000000000
1411 -91.0000000000
1435 -90.0000000000
1442 -87.0000000000
1473 -82.0000000000
1525 -80.0000000000
1534 -77.0000000000
1563 -75.0000000000
1660 -70.0000000000
1679 -69.0000000000
1682 -68.0000000000
1758 -66.0000000000
1822 -64.0000000000
1901 -63.0000000000
1962 -61.0000000000
2011 -60.0000000000
2109 -59.0000000000
2151 -57.0000000000
2240 -56.0000000000
2284 -54.0000000000
2295 -53.0000000000
2339 -52.0000000000
2397 -51.0000000000
2433 -50.0000000000
2516 -47.0000000000
2614 -45.0000000000
2802 -43.0000000000
2838 -42.0000000000
2844 -41.0000000000
3088 -40.0000000000
3126 -39.0000000000
3186 -37.0000000000
3336 -36.0000000000
3413 -35.0000000000
3431 -33.0000000000
3604 -32.0000000000
3652 -30.0000000000
3710 -29.0000000000
3767 -28.0000000000
3778 -27.0000000000
3826 -26.0000000000
3836 -24.0000000000
3887 -22.0000000000
3934 -21.0000000000
3974 -19.0000000000
4059 -18.0000000000
4205 -17.0000000000
4312 -16.0000000000
4443 -15.0000000000
4464 -14.0000000000
4608 -13.0000000000
4649 -10.0000000000
4846 -9.0000000000
4950 -6.0000000000
5003 -5.0000000000
5139 -2.0000000000
5293 -1.0000000000
5439 378.0000000000
5679 379.0000000000
5716 381.0000000000
5722 384.0000000000
5736 388.0000000000
5920 394.0000000000
6007 396.0000000000
6061 400.0000000000
6168 404.0000000000
6214 410.0000000000
6404 417.0000000000
6630 419.0000000000
6827 421.0000000000
6889 423.0000000000
7215 426.0000000000
7361 430.0000000000
7610 431.0000000000
8741 434.0000000000
9128 436.0000000000
9277 438.0000000000
9372 440.0000000000
10005 441.0000000000
13060 442.0000000000
21865 443.0000000000
100052 443.0000000000
evaluations raw_y
1 -202.0000000000
3 -193.0000000000
52 -189.0000000000
74 -183.0000000000
100 -173.0000000000
200 -172.0000000000
247 -171.0000000000
277 -168.0000000000
288 -165.0000000000
319 -164.0000000000
326 -162.0000000000
367 -158.0000000000
427 -157.0000000000
465 -156.0000000000
469 -155.0000000000
507 -153.0000000000
512 -152.0000000000
567 -151.0000000000
577 -150.0000000000
605 -145.0000000000
654 -144.0000000000
706 -143.0000000000
719 -141.0000000000
798 -139.0000000000
846 -137.0000000000
894 -136.0000000000
908 -135.0000000000
945 -134.0000000000
950 -132.0000000000
953 -131.0000000000
957 -129.0000000000
1051 -128.0000000000
1055 -126.0000000000
1132 -125.0000000000
1138 -124.0000000000
1180 -123.0000000000
1200 -122.0000000000
1278 -121.0000000000
1321 -115.0000000000
1348 -114.0000000000
1349 -111.0000000000
1401 -110.0000000000
1410 -109.0000000000
1411 -105.0000000000
1443 -100.0000000000
1492 -97.0000000000
1494 -94.0000000000
1540 -93.0000000000
1545 -91.0000000000
1556 -89.0000000000
1592 -87.0000000000
1594 -86.0000000000
1597 -85.0000000000
1683 -83.0000000000
1693 -82.0000000000
1698 -81.0000000000
1736 -79.0000000000
1846 -78.0000000000
1884 -77.0000000000
1893 -75.0000000000
1945 -74.0000000000
1987 -71.0000000000
2121 -69.0000000000
2183 -68.0000000000
2308 -67.0000000000
2330 -66.0000000000
2361 -64.0000000000
2367 -63.0000000000
2426 -62.0000000000
2453 -61.0000000000
2548 -60.0000000000
2561 -59.0000000000
2610 -58.0000000000
2636 -57.0000000000
2696 -56.0000000000
2698 -55.0000000000
2762 -53.0000000000
2807 -52.0000000000
2886 -51.0000000000
2943 -50.0000000000
2946 -49.0000000000
3002 -48.0000000000
3085 -47.0000000000
3091 -46.0000000000
3145 -45.0000000000
3173 -44.0000000000
3190 -43.0000000000
3284 -42.0000000000
3337 -41.0000000000
3418 -40.0000000000
3431 -39.0000000000
3512 -37.0000000000
3518 -36.0000000000
3577 -34.0000000000
3701 -33.0000000000
3813 -32.0000000000
3864 -31.0000000000
3946 -30.0000000000
3951 -29.0000000000
4049 -28.0000000000
4094 -27.0000000000
4135 -26.0000000000
4214 -24.0000000000
4311 -23.0000000000
4321 -22.0000000000
4414 -20.0000000000
4591 -19.0000000000
4732 -18.0000000000
4832 -17.0000000000
5024 -16.0000000000
5058 -15.0000000000
5136 -14.0000000000
5278 -13.0000000000
5360 -12.0000000000
5392 -11.0000000000
5490 -10.0000000000
5622 -9.0000000000
5767 -8.0000000000
5883 -7.0000000000
5993 -6.0000000000
6104 -5.0000000000
6157 -4.0000000000
6164 -2.0000000000
6214 -1.0000000000
6261 367.0000000000
6295 379.0000000000
6307 391.0000000000
6483 394.0000000000
6534 397.0000000000
6601 402.0000000000
7024 408.0000000000
7215 410.0000000000
7417 411.0000000000
7592 413.0000000000
7957 417.0000000000
8194 421.0000000000
8956 422.0000000000
9007 424.0000000000
9288 428.0000000000
10281 429.0000000000
10451 431.0000000000
10485 433.0000000000
10967 434.0000000000
11254 435.0000000000
11302 438.0000000000
16434 439.0000000000
17892 440.0000000000
19428 441.0000000000
22818 442.0000000000
27334 443.0000000000
28090 445.0000000000
53723 446.0000000000
100052 313.0000000000
evaluations raw_y
1 -210.0000000000
5 -197.0000000000
23 -190.0000000000
106 -182.0000000000
113 -181.0000000000
149 -172.0000000000
162 -162.0000000000
196 -161.0000000000
202 -159.0000000000
211 -158.0000000000
213 -157.0000000000
244 -153.0000000000
247 -151.0000000000
263 -150.0000000000
313 -149.0000000000
343 -147.0000000000
355 -142.0000000000
396 -141.0000000000
437 -138.0000000000
444 -135.0000000000
489 -131.0000000000
551 -130.0000000000
593 -129.0000000000
633 -124.0000000000
729 -122.0000000000
771 -121.0000000000
789 -120.0000000000
820 -119.0000000000
872 -118.0000000000
918 -115.0000000000
980 -114.0000000000
1028 -113.0000000000
1029 -111.0000000000
1116 -110.0000000000
1121 -109.0000000000
1177 -105.0000000000
1210 -103.0000000000
1252 -101.0000000000
1324 -100.0000000000
1399 -99.0000000000
1421 -98.0000000000
1464 -97.0000000000
1469 -96.0000000000
1474 -93.0000000000
1519 -92.0000000000
1524 -91.0000000000
1536 -88.0000000000
1585 -87.0000000000
1616 -86.0000000000
1672 -85.0000000000
1677 -83.0000000000
1714 -82.0000000000
1764 -80.0000000000
1804 -79.0000000000
1813 -78.0000000000
1824 -77.0000000000
1900 -75.0000000000
1961 -74.0000000000
2018 -73.0000000000
2091 -72.0000000000
2096 -69.0000000000
2188 -68.0000000000
2189 -67.0000000000
2255 -66.0000000000
2292 -65.0000000000
2306 -64.0000000000
2385 -63.0000000000
2431 -60.0000000000
2523 -58.0000000000
2541 -57.0000000000
2574 -56.0000000000
2584 -55.0000000000
2640 -54.0000000000
2667 -53.0000000000
2674 -52.0000000000
2719 -51.0000000000
2767 -50.0000000000
2817 -49.0000000000
2843 -48.0000000000
2889 -47.0000000000
2933 -46.0000000000
2981 -44.0000000000
3031 -43.0000000000
3083 -42.0000000000
3172 -40.0000000000
3192 -39.0000000000
3273 -37.0000000000
3364 -36.0000000000
3467 -34.0000000000
3584 -33.0000000000
3611 -32.0000000000
3639 -31.0000000000
3717 -30.0000000000
3795 -29.0000000000
3861 -28.0000000000
3955 -27.0000000000
3959 -26.0000000000
4001 -25.0000000000
4140 -24.0000000000
4287 -23.0000000000
4328 -22.0000000000
4359 -21.0000000000
4457 -20.0000000000
4462 -19.0000000000
4642 -18.0000000000
4788 -17.0000000000
4795 -16.0000000000
4904 -13.0000000000
5015 -10.0000000000
5102 -9.0000000000
5190 -8.0000000000
5192 -7.0000000000
5285 -6.0000000000
5394 -5.0000000000
5532 -4.0000000000
5631 -3.0000000000
5669 -2.0000000000
5768 -1.0000000000
5814 396.0000000000
5921 397.0000000000
5927 399.0000000000
5968 402.0000000000
6066 409.0000000000
6214 414.0000000000
6374 420.0000000000
6647 421.0000000000
7036 429.0000000000
7193 430.0000000000
7583 432.0000000000
7660 434.0000000000
8728 435.0000000000
9437 436.0000000000
9693 437.0000000000
11077 438.0000000000
12859 440.0000000000
58476 441.0000000000
70888 442.0000000000
70977 443.0000000000
100052 374.0000000000
